1 4.27 3.49 3.29 2.79
1 5.18 2.93 3.66 2.65
1 3.72 3.48 3.95 2.33
1 4.49 4.84 3.8 3.43
1 3.87 4.84 4.44 2.98
1 4.91 3.56 2.91 3.68
1 3.94 2.42 3.59 3.2
1 3.12 2.39 3.07 3.11
1 3.39 3.57 3.51 3.36
1 4.21 3.58 3.98 4.21
1 3.67 3.31 3.18 2.51
1 3.57 3.18 2.97 2.54
1 4.09 3.1 3.03 2.6
1 3.81 3.37 3.33 3.58
1 4.14 3.31 2.42 2.92
1 4.21 2.58 3.14 3.58
1 4.71 3.35 3.08 3.76
1 3.41 2.58 2.77 2.9
1 3.58 1.93 2.12 1.95
1 5.01 3.75 2.53 3.36
1 3.04 3.78 2.76 2.24
1 5.5 3.14 2.81 2.98
1 2.58 2.78 3.21 3.88
1 5.28 3.12 2.78 3.32
1 3.17 2.88 2.89 1.61
1 4.65 4.32 3.74 3.86
1 2.9 2 2.13 3.19
1 4.46 2.71 2.96 2.88
1 2.43 2.62 2.55 2.61
1 4.22 3.01 3.9 2.79
1 4.36 3.39 3.42 3.06
1 4.77 3.7 3.01 4.53
1 4.38 2.64 2.92 3.24
1 2.99 1.98 2.64 2.67
1 4.4 3.13 3.49 4.08
1 4.04 4.44 3.96 4.04
1 3.98 3.14 2.21 3.44
1 3.59 2.81 3.16 2.72
1 5.16 2.89 3.94 3.64
1 4.05 2.52 3.48 3.27
1 3.78 2.85 2.12 1.68
1 4.56 3.02 3.85 3.88
1 3.25 2.83 2.62 3.17
1 3.22 2.63 3.02 2.78
1 3.53 2.79 2.81 3.1
1 3.71 3.32 2.58 3.18
1 2.78 2.89 4.55 2.69
1 3.13 2.72 2.68 3.18
1 4.88 4.52 4.12 4.1
1 3.89 4.07 4.18 3.62
1 3.23 1.83 3.28 3.46
1 2.59 2.41 3.61 1.51
1 4.22 2.39 3.29 3.32
1 1.77 1.61 2.45 2.64
1 3.4 3.65 2.69 3.61
1 4.66 3.49 3.58 3.36
1 3.78 2.91 2.95 3.5
1 4.51 4.63 2.72 3.54
1 3.56 2.87 3.12 3.03
1 3.59 3.58 3.16 3.47
1 3.32 3.03 4.01 3.14
1 3.26 2.84 2.81 3.55
1 3.85 3.04 3.05 3.13
1 4.44 3.89 3.67 4
1 2.56 4.08 2.81 3.72
1 4.73 3.53 3.83 3.33
1 3.43 2.09 3.45 2.94
1 4.5 3.55 3.93 3.2
1 3.81 3.08 2.18 1.92
1 4.89 3.31 3.25 3.2
1 3.39 3.76 3.87 3.23
1 4.27 3.06 2.91 3.35
1 3.69 1.59 2.33 2.63
1 3.44 1.75 3.14 2.99
1 4.41 2.67 3.17 3.14
1 3.44 3.09 2.84 2.95
1 5.05 3.57 3.67 3.48
1 5.59 4.55 3 3.24
1 3.8 3.29 3.87 3.93
1 4.11 3.3 3.17 4.13
1 3.35 3.09 3.23 4.3
1 3.54 3.57 2.66 4.32
1 3.8 3.6 3.7 3.83
1 4.27 4.13 2.72 3.87
1 3.99 2.18 2.19 3.24
1 3.02 2.39 2.35 2.6
1 4.73 2.81 2.65 2.78
1 3.5 2.72 1.71 2.14
1 3.83 3.53 2.64 3.53
1 2.1 2.76 2.18 2.47
1 2.7 2.43 1.73 2.63
1 4.65 3.43 3.4 2.83
1 2.91 2.58 2.96 4.42
1 3.23 4.24 3.78 3.63
1 4.35 3.44 2.74 4.17
1 4.44 2.69 2.55 3.16
1 4.33 2.5 3.46 3.73
1 4.23 3.75 1.62 2.41
1 4.63 2.99 3.12 4.14
1 4.56 2.32 4.39 2.87
1 3.4 2.86 2.01 2.34
1 4.02 3.21 4.05 3.9
1 3.22 1.08 2.14 1.59
1 2.78 2.89 3.84 3.8
1 5.21 4.6 3.58 4.28
1 3.21 2.34 2.54 2.71
1 1.71 1.86 2.7 1.79
1 4.96 3.69 4.22 4.3
1 4.16 3.31 2 2.13
1 3.39 2.59 2.33 3.3
1 5.36 4.27 3.51 2.83
1 2.95 2.63 1.88 2.11
1 3.61 3.52 3.4 3.3
1 2.96 3.61 4.45 2.49
1 4.56 3.64 3.47 3.13
1 3.25 2.13 2.73 3.14
1 3.54 3.74 3.01 3.51
1 4.41 3.17 3.16 3.1
1 3.55 3.29 2.57 3.58
1 3.14 1.77 3.02 2.8
1 4.04 3.01 2.44 3.81
1 4.14 3.05 3.81 3.78
1 2.78 2.62 2.98 2.21
1 4.18 2.99 3.05 2.91
1 3.59 1.73 2.78 3.17
1 3.77 3.78 3.39 2.43
1 4.02 3.47 4.24 3.51
1 3.72 3.24 3.35 1.96
1 4.66 3.08 3.89 2.76
1 4.66 3.25 3.8 2.58
1 3.4 3.41 3.75 4.09
1 3.39 4.02 3.33 3.82
1 1.73 2.75 2.39 2.51
1 4.04 3.87 2.49 3.46
1 3.02 2.67 3.06 2.96
1 3.35 2 1.92 2.38
1 4.11 2.88 2.58 2.55
1 3.52 3.46 3.17 4.04
1 4.34 3.35 3.79 4.13
1 2.88 1.2 2.18 2.26
1 4.33 2.86 3.45 3.35
1 5.29 3.9 3.12 3.47
1 3.84 3.2 3.97 2.24
1 5.38 4.01 2.24 3
1 3.15 2.32 2.09 1.44
1 4.02 2.78 3.77 2.84
1 4.24 2.97 3.36 2.16
1 4.47 3.58 2.7 3.2
1 3.67 2.51 3.31 2.08
1 2.67 2.7 3.13 3.13
1 5.34 3.27 3.25 4.17
1 2.84 2.33 3.35 2.94
1 4.34 3.68 3.16 3.54
1 3.86 3.62 3.96 3.3
1 3.94 3.94 3.9 3.89
1 4.03 2.37 4.41 3.3
1 3.5 2.98 2.55 4.04
1 6.11 4.38 3.96 3.73
1 3.9 2.71 2.26 3.51
1 3.66 3.84 2.93 3.45
1 4.14 2.96 3.3 3.7
1 4.01 4.84 3.68 3.53
1 5.07 3.8 2.77 3.91
1 5.34 5.17 4.78 4.17
1 4.41 4.63 3.59 3.78
1 3.31 2.34 3 2.54
1 4.31 3.06 2.83 3.2
1 3.8 2.44 3.41 3.26
1 3.44 4.39 3.34 3.91
1 4.08 2.39 4.74 3.03
1 3.31 3.26 2.35 2.95
1 3.84 3.86 2.33 2.69
1 4.05 2.77 3.91 2.15
1 3.38 3.45 2.15 2.96
1 5 3.82 3.72 3.19
1 3.46 3.05 3.08 4.03
1 4.32 4.01 2.59 2.67
1 4.08 3.76 3.14 2.86
1 3.74 3.15 3.68 3.44
1 3.97 2.8 3 1.92
1 3.14 3.06 2.81 3.79
1 4.17 4.05 3.24 2.58
1 2.14 2.3 2.06 2.74
1 4.79 2.82 4.27 4.16
1 6.23 4.5 3.63 4.32
1 4.46 3.78 4.02 3.51
1 5.25 4.84 3.81 4.07
1 3.71 3.39 3.09 3.58
1 3.46 2.29 3.79 3.21
1 3.71 3.8 3.28 2.91
1 4.17 3.84 3.17 4.14
1 4.18 3.31 2.16 2.59
1 4.33 3.73 3.65 3.85
1 3.45 3.69 2.81 2.94
1 3.83 2.21 1.39 1.7
1 3.37 3.43 2.82 3.84
1 4.1 2.69 3.52 3.13
1 4.1 3.28 3.59 3.37
1 3.81 3.08 4.46 3.26
1 3.67 2.36 3.61 2.69
1 3.62 3.86 3.21 3
1 3.02 3.84 2.67 3.23
1 4.39 3.5 3.02 2.49
1 4.17 2.69 3.72 3.71
1 4.43 2.67 3.08 3.86
1 3.42 2.42 3.28 2.69
1 3.05 3.33 3.14 3.59
1 3.66 3.07 2.9 3.35
1 5.23 3.93 3.36 3.92
1 3.79 2.52 2.45 2.55
1 4.32 3.44 3.01 3.35
1 4.19 2.08 3.93 2.54
1 4.18 3.05 3.12 2.7
1 4.55 3.49 4.01 3.99
1 3.68 4.05 3.13 3.35
1 3.86 3.23 3.1 3.29
1 3.33 3.24 3.46 2.17
1 2.84 1.18 2.33 3.22
1 2.35 2.78 2.02 2.18
1 3.69 3.73 3.55 3.11
1 4.02 2.67 3.4 3.47
1 3.77 2.66 3.32 2.4
1 4.58 3.11 3.22 2.93
1 4.5 3.97 2.53 2.72
1 4.39 3.83 4.09 2.78
1 3.77 3.3 3.61 3.23
1 3.19 3.53 2.83 1.59
1 4.71 2.1 3.44 1.98
1 3.81 2.74 2.72 2.91
1 4.69 3.07 4.62 1.96
1 2.6 3.31 2.25 2.13
1 5.98 3.79 3.45 3.14
1 3.86 2.21 2.28 4.05
1 3.93 2.79 2.96 3.05
1 2.76 2.26 2.78 1.89
1 5.01 3.99 2.76 2.82
1 4.52 2.89 4.31 3.44
1 5.72 3.62 3.93 4.06
1 2.62 3 2.59 2.79
1 4.42 3.81 4.46 4.37
1 4.04 2.73 2.67 2.33
1 2.91 3.11 2.6 2
1 3.93 3.14 3.07 3.33
1 5.42 2.98 3.66 3.95
1 4.57 2.89 2.98 2.76
1 3.79 3.75 3.39 3.03
1 3.39 3.38 3.15 3.35
1 3.05 2.81 2.14 2.79
1 4.13 3.42 2.79 2.96
1 4.03 3.41 2.02 2.59
1 3.69 3.44 2.36 3.51
1 3.04 3.59 2.49 2.98
1 3.52 2.46 2.79 1.64
1 2.06 2.61 2.73 3.28
1 3.64 2.21 2.21 2.37
1 2.66 2.65 2.38 2.9
1 4.21 3.33 3.8 2.72
1 6.04 4.65 3.06 3.8
1 3.82 4.03 3.65 2.44
1 4.22 3.01 3.34 3.64
1 3.37 3.53 3.5 3.75
1 4.61 2.89 3.61 3.15
1 4.06 3.33 3.14 2.25
1 3.51 3.6 4.16 2.08
1 4.6 3.55 3.52 3.73
1 4.19 3.74 2.98 2.9
1 2.83 2.19 2.06 2.29
1 3.31 2.45 3.24 2.77
1 2.43 2.06 2.26 2.15
1 4.45 3.21 2.75 3.24
1 4.09 3.46 3.1 2.58
1 3.78 3.16 3.47 2.47
1 3.48 2.69 3.13 3.76
1 3.65 2.48 2.79 2.69
1 3.11 2.2 2.72 2.49
1 2.89 2.6 3.86 3.96
1 4.12 3.35 2.94 3.01
1 3.89 3.7 2.97 3.7
1 4.32 2.47 2.74 3.5
1 4.26 2.8 3.65 2.92
1 3.83 3.79 2.95 3.22
1 2.89 2.05 2.87 2.5
1 2.92 2.73 2.91 3.08
1 4.66 3.81 3.11 3.76
1 3.28 3.38 1.7 1.47
1 3.7 3.12 3.28 3.19
1 3.86 3.32 4.39 2.45
1 2.86 2.87 2.11 3.44
1 3.88 2.41 2.61 2.61
1 4.19 4.14 3.37 3.63
1 4.75 4.05 4.21 4.13
1 3.58 2.76 2.99 3.35
1 2.67 2.8 2.51 2.07
1 3.51 1.71 2.21 3.39
1 3.92 2.64 1.56 2.6
1 4.42 3.42 2.71 3.77
1 4.08 2.99 2.48 3.79
1 3.93 3.57 3.75 3.64
1 4.28 3.08 2.97 3.55
2 -3.91 -3.46 -3.6 -2.93
2 -2.54 -3.39 -2.93 -2.42
2 -4.06 -3.31 -2.69 -2.27
2 -2.79 -1.99 -1.6 -3.47
2 -3.75 -1.57 -3.55 -2.53
2 -2.71 -3.02 -2.39 -2.18
2 -4.04 -3.63 -2.54 -2.69
2 -5.11 -4.08 -2.91 -3.65
2 -4.15 -2.38 -3.21 -2.49
2 -3.12 -1.63 -1.79 -2.08
2 -4.55 -4.28 -3.55 -3.5
2 -4.57 -3.83 -3.32 -3.57
2 -4.11 -3.68 -3.5 -3.61
2 -4.28 -3.75 -3.97 -3.02
2 -3.63 -2.65 -1.46 -2.73
2 -3.55 -2.57 -2.9 -2.53
2 -3.12 -3.33 -2.37 -2.03
2 -4.57 -4.01 -2.27 -3.58
2 -5.42 -5.01 -4.41 -4.94
2 -2.38 -1.28 -1.54 -2.43
2 -5.5 -4.11 -4.05 -4.96
2 -2.04 -2.61 -2.24 -2.66
2 -5.36 -3.54 -3.55 -3.09
2 -2.18 -2.64 -2.19 -2.57
2 -5.33 -4.01 -4.57 -3.72
2 -2.56 -2.43 -2.71 -1.97
2 -5.7 -3.94 -4.01 -4.33
2 -3.64 -3.65 -3.81 -3.58
2 -6.09 -4.04 -3.25 -4.42
2 -3.5 -2.64 -3.17 -2.86
2 -3.64 -3.47 -3.16 -2.73
2 -2.91 -2.74 -2.74 -2.14
2 -3.81 -2.55 -3.51 -2.89
2 -5.5 -3.19 -3.88 -3.27
2 -3.43 -3.99 -2.56 -2.39
2 -3.58 -3.11 -2.07 -2.35
2 -4.05 -4.14 -3.9 -3.1
2 -4.72 -4.31 -3.84 -3.56
2 -2.69 -2.45 -2.32 -3.55
2 -4.43 -3.91 -4.64 -4.5
2 -4.65 -4.5 -3.9 -3.2
2 -3.04 -1.43 -2.44 -2.09
2 -5.49 -4.48 -4.5 -4.16
2 -5.13 -3.79 -4.09 -4.44
2 -4.99 -4.22 -4.21 -2.93
2 -4.27 -3.56 -3.52 -3.27
2 -5.26 -3.24 -2.87 -2.46
2 -5.4 -3.88 -4.46 -3.87
2 -2.68 -1.23 -2.94 -1.9
2 -4.01 -3.24 -3.99 -3.56
2 -5.17 -4.82 -3.41 -2.78
2 -5.74 -3.6 -4.65 -4.19
2 -3.7 -2.8 -3.96 -3.51
2 -7.44 -5.22 -5.25 -5.05
2 -4.68 -2.79 -4.05 -3.44
2 -3.05 -3.25 -3.69 -2.04
2 -3.81 -3.31 -2.76 -1.76
2 -3.12 -3.87 -2.43 -2.42
2 -4.73 -4.29 -4.36 -3.71
2 -3.89 -2.45 -2.48 -1.71
2 -4.65 -3.44 -3.51 -3.97
2 -4.7 -1.93 -3.08 -2.93
2 -4.38 -3.74 -4.19 -4.25
2 -2.92 -2.44 -2.59 -2.73
2 -5.92 -4.56 -3.65 -4.34
2 -2.62 -2.18 -3.44 -2.82
2 -4.73 -3.12 -3.41 -3.89
2 -3.22 -2.27 -1.69 -2.33
2 -4.68 -4.87 -4.74 -3.66
2 -2.85 -2.89 -2.57 -2.62
2 -4.6 -3.72 -2.73 -3.39
2 -3.26 -2.39 -1.71 -2.37
2 -5.37 -4.22 -4.82 -4.33
2 -4.78 -2.8 -3.55 -3
2 -3.47 -2.98 -2.13 -3.47
2 -4.59 -3.33 -2.68 -3.28
2 -2.12 -2.63 -2.84 -1.75
2 -2.22 -2.38 -3.67 -3.96
2 -3.85 -2.58 -2.66 -2.48
2 -3.42 -2.73 -3.24 -3.42
2 -4.05 -2.88 -2.5 -3.18
2 -3.95 -1.56 -1.1 -3.1
2 -4.11 -3.14 -3.14 -2.44
2 -3.19 -3.33 -2.31 -1.88
2 -4.17 -3.37 -3.63 -3.67
2 -5.88 -5.26 -4.41 -4.62
2 -3.06 -3.5 -4.12 -2.6
2 -5.17 -4.48 -3.98 -4.26
2 -4.6 -2.79 -4.69 -4.51
2 -7.4 -5.79 -5.01 -4.68
2 -6.28 -4.74 -4.46 -4.28
2 -2.96 -2.53 -2.47 -2.82
2 -4.92 -2.58 -3.19 -2.72
2 -4.11 -2.66 -2.25 -2.5
2 -3.43 -2.11 -1.96 -3.51
2 -3.85 -3.71 -3.25 -4.32
2 -3.75 -3.47 -3.15 -4.53
2 -4.12 -3.33 -3.26 -4.04
2 -3.52 -3.36 -3.17 -4.23
2 -3.28 -3.54 -3 -3.24
2 -5.14 -3.5 -4.39 -4.9
2 -3.2 -1.7 -2.89 -1.75
2 -6.66 -6.72 -5.83 -5.89
2 -5.34 -4.35 -3.85 -3.37
2 -2.42 -2.85 -3.2 -2.59
2 -5.63 -4.72 -4.49 -4.57
2 -7.99 -5.99 -5.79 -5.34
2 -2.48 -2.26 -2.63 -2.23
2 -4.13 -4.99 -3.37 -2.85
2 -4.73 -3.1 -4.1 -3.26
2 -2.23 -2.42 -1.48 -2.23
2 -5.72 -3.95 -5.68 -4.13
2 -3.8 -2.9 -2.82 -1.8
2 -5.08 -3.32 -2.62 -3.04
2 -2.98 -2.55 -2.07 -2.15
2 -5.35 -3.52 -4.96 -4.03
2 -4.48 -3.2 -2.84 -3.04
2 -3.93 -3.31 -3.55 -3.63
2 -3.69 -2.01 -2.59 -2.04
2 -5.45 -4.51 -3.71 -4.29
2 -3.91 -3.4 -3.47 -3.11
2 -3.83 -2.81 -2.53 -2.96
2 -5.87 -4.55 -3.65 -4.33
2 -4.14 -5.02 -2.53 -4.03
2 -4.61 -3.8 -4.19 -4.55
2 -3.85 -2.53 -2.24 -2.58
2 -3.8 -2.62 -3.84 -3.35
2 -4.62 -3.38 -4.12 -2.8
2 -2.7 -2.5 -2.1 -3.01
2 -3.23 -3.36 -2.64 -3.6
2 -4.25 -2.63 -3.45 -2.27
2 -4.38 -2.76 -2.1 -3.94
2 -6.86 -4.56 -4.15 -3.51
2 -3.67 -2.97 -2.17 -3.5
2 -5.62 -4.8 -4.64 -3.68
2 -5.68 -5.45 -4.85 -4.24
2 -3.93 -3.1 -3.83 -3.25
2 -4.58 -3.08 -1.45 -3.74
2 -3.1 -1.66 -2.98 -2.33
2 -5.98 -5.44 -5.26 -4.39
2 -3.74 -3.56 -2.59 -3.4
2 -1.91 -1.15 -2.73 -2.09
2 -4.53 -4.28 -3.69 -2.84
2 -2.06 -1.77 -2.31 -2.99
2 -5.54 -4.58 -5.22 -3.87
2 -4.09 -1.83 -3.68 -3.68
2 -4.07 -3.47 -3.08 -4.18
2 -3.17 -1.49 -2.63 -1.75
2 -4.67 -2.72 -4.09 -3.87
2 -5.67 -3.83 -3.84 -3.7
2 -1.85 -2.09 -2.03 -2.27
2 -5.52 -4.73 -3.05 -4
2 -3.27 -2.1 -3.25 -2.72
2 -3.97 -3.38 -2.81 -2.3
2 -3.93 -2.77 -3.29 -3.72
2 -3.94 -2.29 -3.44 -2.7
2 -4.47 -3.58 -2.67 -2.65
2 -1.38 -1.89 -2.18 -2.75
2 -4.11 -3.02 -3.23 -2.44
2 -4.2 -3.02 -4.1 -2.98
2 -3.81 -2.63 -2.89 -2.86
2 -3.88 -2.7 -3.46 -3.38
2 -2.46 -2.37 -3.25 -2.05
2 -1.62 -1.74 -1.68 -2.25
2 -3.09 -2.49 -2.14 -3.17
2 -5.65 -4.03 -4.49 -4.27
2 -3.62 -2.99 -2.26 -2.95
2 -3.94 -3.51 -2.09 -2.9
2 -3.68 -1.6 -1.72 -2.46
2 -4.38 -4.04 -3.86 -3.18
2 -4.9 -2.8 -3.73 -3.86
2 -4.41 -3.58 -3.13 -4.02
2 -3.97 -4.24 -3.5 -3.03
2 -4.93 -2.97 -3.47 -4.23
2 -2.48 -1.7 -2.04 -2.98
2 -4.68 -3.39 -3.87 -4.15
2 -3.29 -2.28 -2.88 -2.94
2 -3.61 -2.28 -3.18 -2.45
2 -4.43 -3.45 -3.4 -4.97
2 -4.27 -3.12 -2.9 -4.61
2 -4.91 -3.86 -3.64 -3.08
2 -3.65 -2.98 -2.42 -4.46
2 -7.11 -5.76 -5.29 -6.11
2 -2.78 -3.07 -2.82 -3.56
2 -0.39 -0.27 -0.37 -0.13
2 -2.68 -0.58 -1.97 -1.87
2 -1.62 -1.11 -1.88 -2.09
2 -4.06 -3.41 -2.82 -3.63
2 -4.42 -3.69 -2.87 -3.25
2 -4.45 -4.09 -3.08 -3.16
2 -3.85 -2.71 -3.56 -3.56
2 -3.72 -3.31 -3.95 -2.55
2 -3.4 -2.48 -1.81 -3.39
2 -4.48 -3.49 -2.45 -3.73
2 -5.44 -4.73 -5.49 -5.11
2 -4.93 -4.84 -3.24 -3.05
2 -3.83 -3.5 -3.06 -3.58
2 -3.72 -2.95 -1.8 -3.15
2 -3.65 -1.5 -3.12 -2.07
2 -4.67 -3.93 -4.5 -3.57
2 -4.46 -2.92 -4.23 -3.64
2 -5.73 -5.7 -4.53 -4.95
2 -3.59 -2.89 -2.97 -2.85
2 -3.75 -2.89 -3.93 -2.53
2 -3.39 -3.5 -2.27 -3.99
2 -4.76 -3.77 -3.32 -2.8
2 -5.43 -4.41 -4.49 -4.47
2 -4.16 -2.38 -2.34 -2.51
2 -2.21 -1.61 -2.58 -3.23
2 -4.56 -3.43 -3.8 -3.8
2 -4 -3.28 -3.85 -4.65
2 -3.75 -4.01 -2.77 -2.82
2 -3.48 -2.61 -2.93 -2.16
2 -3.04 -2.99 -2.43 -2.72
2 -4.31 -2.91 -3.12 -4.01
2 -3.88 -3.19 -3.25 -3.68
2 -5.12 -4.89 -4.4 -3.6
2 -6.07 -4.96 -5.76 -5.03
2 -6.53 -4.93 -5.43 -4.64
2 -3.89 -2.15 -2.46 -2.83
2 -3.89 -3.85 -3 -3.33
2 -4.56 -3.87 -3.59 -3.77
2 -2.98 -2.61 -3.15 -2.6
2 -3.19 -2.78 -2.83 -3.45
2 -3.68 -3.54 -3.16 -2.32
2 -4.51 -3.19 -4.44 -3.97
2 -4.95 -3.49 -3.15 -3.39
2 -3.53 -3.94 -3.61 -2.73
2 -4.81 -4.57 -3.96 -4.42
2 -2.93 -2.1 -2.29 -2.54
2 -5.6 -3.23 -3.45 -3.15
2 -0.77 -1 -0.02 -1.44
2 -4.16 -3.07 -3.11 -2.98
2 -4.2 -3.14 -3.7 -3.16
2 -6.01 -4.18 -4.7 -4.16
2 -2.48 -1.21 -2.2 -1.88
2 -2.88 -2.52 -2.4 -3.51
2 -1.58 -2.05 -2.59 -1.98
2 -5.49 -4.03 -2.96 -4.44
2 -2.72 -1.69 -1.56 -1.52
2 -4.26 -4 -3.32 -3.7
2 -5.79 -3.5 -4.52 -4.02
2 -4.06 -2.53 -2.93 -2.99
2 -2.41 -3.29 -2.19 -2.5
2 -3.36 -2.82 -3.38 -3.44
2 -4.14 -3.5 -3.76 -2.45
2 -4.76 -3.17 -3.82 -3.72
2 -5.7 -3.77 -3.89 -4.04
2 -3.79 -2.92 -3.08 -2.22
2 -4.05 -2.86 -2.7 -3.02
2 -4.32 -3.36 -3.12 -2.79
2 -5.92 -5.36 -4.89 -4.99
2 -5.06 -4.5 -5.17 -4.29
2 -6.7 -4.49 -4.24 -5.22
2 -4.78 -3.1 -3 -4.15
2 -6.2 -4.63 -5.61 -4.53
2 -3.24 -2.39 -2.33 -1.59
2 -1.15 -2.43 -1.88 -1.84
2 -3.96 -3.11 -2.58 -2.86
2 -3.59 -3.39 -2.8 -2.84
2 -4.57 -2.97 -3 -3.38
2 -3.25 -2.92 -3.53 -2.63
2 -4.11 -4.13 -4.8 -3.5
2 -4.77 -4.01 -4.36 -3.47
2 -3.14 -1.96 -3.25 -2.81
2 -3.72 -3.25 -2.63 -3.04
2 -6.26 -5.01 -5.09 -5.53
2 -4.85 -2.91 -3.74 -3.93
2 -6.55 -4.12 -5.53 -4.97
2 -3.45 -3.03 -4.09 -2.51
2 -4.55 -4.42 -4.57 -4.86
2 -4.22 -3.46 -3.72 -4.33
2 -5.07 -4.29 -3.9 -4.02
2 -4.6 -2.79 -3.61 -4.29
2 -5.82 -4.57 -4.58 -4.84
2 -5.23 -3.54 -3.6 -2.99
2 -3.85 -2.76 -2.68 -3.12
2 -3.56 -3.36 -2.83 -2.46
2 -3.77 -3.6 -3.9 -2.49
2 -3.8 -3.3 -3.75 -2.89
2 -4.46 -3.62 -3.22 -3.7
2 -6.29 -4.86 -5.56 -5.59
2 -5.58 -4.03 -3.8 -3.96
2 -3.27 -2.85 -2.65 -2.52
2 -5.3 -3.89 -4.43 -4.42
2 -4.43 -2.82 -3.84 -4.03
2 -3.75 -2.54 -2.89 -2.52
2 -5.22 -2.4 -3.86 -4.16
2 -4.84 -4.95 -4.94 -3.06
2 -3.64 -2.55 -2.29 -3.42
2 -2.33 -1.67 -2.04 -1.48
2 -4.78 -3.84 -4.96 -4.73
2 -6.3 -4.53 -4.74 -4.37
2 -5.04 -3.92 -3.61 -4.27
2 -4.46 -3.94 -4.05 -4.31
2 -3.3 -2.78 -2.94 -3.61
2 -4.22 -3.49 -4.33 -3.58
2 -3.9 -3.89 -3.07 -3.5
2 -3.82 -3.61 -2.29 -3.97
2 -3.66 -3.52 -3.08 -4.31
2 -6.05 -4.89 -4.58 -4.3
2 -1.91 -1.89 -0.86 -1.34
2 -3.42 -4.75 -3.06 -3.86
2 -2.01 -2.68 -2.4 -2.38
2 -4.22 -4.18 -3.66 -4.13
2 -3.93 -2.54 -2.17 -3.35
2 -4.92 -4.29 -2.99 -3.85
2 -4.03 -3.14 -4.41 -3.48
2 -4.58 -3.63 -3.18 -3.86
2 -2.64 -2.94 -1.78 -2.38
2 -4.46 -3.8 -3.77 -3.51
2 -4.24 -3.67 -3.13 -3.01
2 -4.7 -3.48 -3.98 -4.2
2 -5.91 -4.46 -5.15 -4.82
2 -3.82 -2.85 -2 -3.26
3 8.18 6 6.03 7.32
3 9.32 6.73 7.02 7.76
3 7.83 6.14 6.75 6.57
3 8.85 8.87 7.32 7.07
3 8.06 6.77 7.09 5.89
3 9.1 6.38 6.79 7.34
3 7.95 6.52 5.62 5.98
3 7.01 6.01 6.14 6.35
3 7.62 7.56 6.32 7.81
3 8.54 7.51 6.75 6.79
3 7.56 6.04 6.18 6.63
3 7.5 6.51 7.25 6.43
3 7.99 6.41 5.74 6.12
3 7.76 5.84 5.84 6.8
3 8.25 5.23 6.17 6.99
3 8.33 7.22 6.78 6.77
3 8.79 6.12 7.09 6.4
3 7.42 6.5 5.69 6.32
3 7.08 5.26 4.78 5.9
3 9.31 6.83 6.97 7.24
3 6.77 6.21 5.32 5.02
3 9.73 6.55 7.14 7.15
3 6.61 6.4 6.71 6.36
3 9.55 6.82 6.64 7.78
3 6.92 5.71 4.97 5.81
3 9.04 7.56 7.14 6.34
3 6.6 4.88 6.61 6.41
3 8.41 6.27 6.25 6.94
3 6.17 5.17 5.62 5.8
3 8.36 7.09 6.32 7.05
3 8.36 7.26 6.11 6.84
3 8.93 6.37 6.77 6.81
3 8.28 6.29 5.67 6.64
3 6.75 5.3 6.03 5.24
3 8.49 5.93 6.3 6.53
3 8.23 6.73 6.86 6.31
3 7.97 6.54 6.46 5.79
3 7.44 6.11 5.76 6.76
3 9.23 6.63 6.52 7.82
3 7.81 5.21 6.79 6.11
3 7.56 6.99 6.68 5.32
3 8.76 6.54 5.83 6.2
3 6.88 5.54 4.99 4.88
3 7.04 5.91 5.11 6.5
3 7.27 5.06 5.16 5.51
3 7.72 6.44 6.94 6.71
3 6.76 6.05 6.42 5.95
3 6.87 5.53 5.14 6.26
3 9.1 7.3 8.06 5.76
3 7.94 6.61 6.41 6.09
3 7.03 6.16 5.89 5.89
3 6.43 5.6 5.8 6.84
3 8.26 6.03 6.1 6.32
3 5.16 4.43 4.97 5.35
3 7.36 6.98 6.48 5.01
3 8.8 6.88 8.01 7.03
3 7.99 7.53 6.7 7.08
3 8.7 6.97 5.87 6.25
3 7.41 5.9 6.18 5.77
3 7.85 7.18 7.3 6.59
3 7.34 6.12 6.34 6.97
3 7.28 6.06 7 7.15
3 7.73 5.92 5.62 6.46
3 8.76 6.91 6.41 7.61
3 6.32 5.05 4.55 4.92
3 9.05 6.46 6.56 7.23
3 7.35 6.14 6.12 5.78
3 8.64 6.83 6.44 7
3 7.56 5.96 7.01 5.41
3 9.02 6.9 6.52 5.73
3 7.39 6.89 6.15 6.11
3 8.51 7.03 6.37 6.64
3 7.16 4.46 5.09 5.5
3 7.33 7.08 6.46 5.34
3 8.47 6.99 7.04 6.41
3 7.42 6.68 5.47 6.25
3 9.46 6.2 7.3 7.32
3 9.68 7.37 6.08 6.41
3 7.97 6.69 6.86 7.28
3 8.35 7.02 7.64 6.89
3 7.65 6.65 7.88 6.78
3 7.8 7.49 7.02 6.64
3 7.85 6.43 6.42 7
3 8.54 8.06 6.3 7.35
3 7.91 4.94 6.72 6.42
3 6.57 4.88 5.38 5.47
3 8.84 6.99 6.36 6.91
3 7.17 5.2 4.96 5.85
3 7.61 5.8 6.71 7.04
3 5.35 5.86 4.51 4.32
3 6.21 5.73 4.22 5.24
3 8.84 6.59 6.95 6.21
3 7 6.13 5.99 6.74
3 7.56 6.99 6.58 6.88
3 8.46 6.7 6.45 7.47
3 8.29 6.16 7.15 6.7
3 8.29 6.02 6.12 5.96
3 8.05 5.98 5.99 6.25
3 8.55 6.33 6.26 5.8
3 8.64 5.4 6.93 6.85
3 7.13 5.83 5.24 6.39
3 8.41 6.87 8.09 7.48
3 6.28 3.8 4.11 4.61
3 6.72 7.49 6.11 6.12
3 9.4 6.44 7.28 6.22
3 6.79 5.41 5.47 5.03
3 4.86 3.65 3.77 4.28
3 9.24 7.55 7.62 7.84
3 8.02 6.27 6.29 6
3 7.33 6.05 5.74 6.19
3 9.56 7.22 5.93 6.36
3 6.61 5.69 5.37 5.34
3 7.9 7.01 6.93 6.59
3 6.94 5.82 6.29 6.47
3 8.79 6.34 6.99 7
3 6.95 6.03 4.36 5.01
3 7.53 7.12 6.66 6.03
3 8.24 5.77 6.12 6.82
3 7.93 7.34 7.62 7.11
3 6.85 5.59 5.05 5.62
3 8.06 6.5 6.42 7.01
3 8.16 5.43 6.37 7.07
3 6.45 5.7 6.26 5.63
3 8.02 5.35 6.03 5.82
3 7.49 6.57 6.6 5.9
3 7.96 7.18 6.84 6.64
3 8.11 6.73 6.24 7.42
3 7.55 6.07 5.72 6.11
3 8.98 6.59 7.52 7.02
3 8.71 7.12 6.24 6.92
3 7.58 6.68 5.51 5.77
3 7.51 6.48 6.39 6.41
3 5.43 5.15 5.75 5.7
3 8.19 5.69 7.05 6.79
3 6.7 6.23 6 5.87
3 6.84 5.17 4.83 5.12
3 8.09 6.18 6.01 6.58
3 7.47 6.22 6.3 6.52
3 8.62 6.73 7.16 7.65
3 6.45 5.43 4.95 5.39
3 8.29 6.62 6.08 7.24
3 9.69 7.5 6.78 6.76
3 7.66 6.35 5.37 6.33
3 9.66 6.83 7.24 7.14
3 6.81 5.95 5.86 5.51
3 7.97 6.7 6.9 6.51
3 8.08 5.53 5.17 6.19
3 8.65 6.93 6.59 6.71
3 7.5 7.06 6.77 5.98
3 6.5 7.33 5.52 6.2
3 9.75 7.43 7.9 6.42
3 6.66 5.18 5.7 5.72
3 8.53 6.24 8.41 6.62
3 7.95 6.6 6.83 6.16
4 0.01 0.12 0.44 0.18
4 1.6 0.14 -0.5 1.24
4 0.05 0.38 -0.08 0.77
4 1.57 1.22 0.57 1.88
4 0.44 0.68 0.14 -0.14
4 1.49 0.98 1.28 0.81
4 -0.03 -0.76 0.1 -0.39
4 -1.23 -0.48 -1.09 -0.19
4 0.08 0.32 2.05 0.52
4 1.22 1.7 1.25 0.37
4 -0.66 0.4 -0.48 -0.76
4 -0.64 -0.68 -0.47 -0.6
4 -0.21 -0.27 -0.79 -0.02
4 -0.32 -0.68 -0.15 -0.95
4 0.48 -0.21 0.63 0.31
4 0.57 0.36 1.75 0.37
4 0.96 0.52 0.14 0.26
4 -0.57 0.09 -0.96 -0.2
4 -1.93 -1.95 -1.88 -1.55
4 1.93 0.61 1.5 1.16
4 -1.78 0.01 -1.19 -1.44
4 2.19 0.58 1.47 0.56
4 -1.34 0.13 -0.4 0.6
4 2.09 1 0.31 1.37
4 -1.58 -1.73 -2.27 -0.79
4 1.83 1.6 0.95 1.73
4 -2 -1.51 -1.29 -0.94
4 0.31 -0.42 -0.49 0.06
4 -2.36 -0.67 0.15 0.12
4 0.64 0.67 0.38 0.29
4 0.37 0.25 -0.26 0.03
4 1.24 0.24 0.04 -0.02
4 0.09 -0.85 -0.42 -0.25
4 -1.74 -1.51 -0.65 -1.3
4 0.65 1 0.82 1.13
4 0.61 0.9 -0.13 1.42
4 -0.07 0.56 -0.17 -0.43
4 -0.87 -0.48 -1.15 -0.33
4 1.38 0.13 0.34 -0.13
4 -0.67 -0.81 -0.29 -0.69
4 -0.86 -1.17 -0.09 -0.22
4 1.16 0.4 0.81 0.94
4 -1.86 -1.69 -1.56 -1.01
4 -1.3 -0.95 -1.45 -0.83
4 -1.24 -1.8 -0.51 -1.64
4 -0.26 -0.69 0.1 -0.33
4 -1.28 -0.14 -0.35 -0.15
4 -1.67 -0.97 -1.71 -0.3
4 1.54 1.03 1.72 0.84
4 0.04 0.38 0.1 0.11
4 -1.37 -0.33 -1.8 -1.32
4 -1.9 -0.6 -0.58 -0.92
4 0.34 -0.51 -0.45 -0.34
4 -4.04 -1.46 -3.03 -2.28
4 -0.72 0.28 -0.37 -0.1
4 1.09 0.89 1.68 -0.08
4 0.4 -0.38 0.63 0.46
4 1.07 1.49 0.77 1.57
4 -0.88 -0.71 -0.54 -0.78
4 0.37 1.1 1.39 0.97
4 -0.63 -0.4 -0.45 0.62
4 -0.67 0.58 0.84 0.73
4 -0.49 -0.53 -0.49 -0.43
4 1.4 2.29 1.14 1.09
4 -2.16 -2.23 -0.52 -1.22
4 1.71 0.87 1.39 1.1
4 -0.81 0.03 -0.91 0.49
4 0.92 0.15 1.1 0.67
4 -0.92 -1.05 -0.73 -1.13
4 1.27 1.77 -0.01 0.89
4 -0.59 0.54 -0.92 -1.01
4 0.98 0.67 0.71 0.69
4 -1.9 -2.59 -2.3 -2.12
4 -0.9 -0.65 -0.5 -0.41
4 0.6 0.29 0.3 0.49
4 -0.61 0.04 -1.37 -0.1
4 2.29 1.37 1.93 1.88
4 1.88 0.39 0.51 0.62
4 0.32 0.8 1 1.26
4 0.81 -0.25 0.3 0.96
4 0.25 1.27 1.17 2.14
4 0.3 0.54 0.94 0.42
4 -0.06 -0.16 0.83 0.56
4 1.09 2.33 1.11 1.15
4 -0.25 -0.71 0.13 -0.37
4 -2.33 -1.79 -1.82 -1.56
4 1.04 -0.3 0.03 0.56
4 -1.5 -0.86 -1.61 -1.45
4 -0.82 -0.65 -0.52 -0.88
4 -4.15 -3.21 -3.29 -2.8
4 -2.77 -1.61 -3.26 -2.91
4 1.23 0.88 0.5 0.53
4 -0.83 0.25 0.4 0.09
4 0.22 0.81 1.63 0.89
4 0.67 -0.17 0.79 0.15
4 0 -0.23 -0.92 -1.74
4 0.22 0.58 -0.49 -0.16
4 -0.3 -0.94 -0.69 -1.47
4 0.4 -0.27 -0.21 -0.33
4 0.79 0.21 -0.11 -0.54
4 -1.4 -1.03 -1.29 -0.97
4 1.19 0.57 0.99 1.48
4 -3.6 -3.67 -4.35 -4.35
4 -1.4 -0.9 -0.08 -0.41
4 1.76 1.14 1.02 0.5
4 -2.05 -1.35 -1.04 -1.21
4 -4.85 -3.29 -4.27 -3.2
4 1.8 1.2 0.88 0.68
4 -0.28 -1.18 0.18 -0.72
4 -0.79 0.36 -0.71 -0.39
4 1.97 0.67 1.34 0.97
4 -2.05 -1.52 -1.61 -0.88
4 0.49 0.63 2.71 0.21
4 -1.11 -1.16 0.13 0.11
4 1.24 1.5 2.04 1.53
4 -1.65 -1.2 -0.18 -0.55
4 -0.48 -0.19 -0.12 -0.77
4 -0.1 -0.74 -0.87 -0.35
4 0.69 1.17 0.55 1.53
4 -1.74 -1.11 -0.69 -1.09
4 0.11 0.41 -0.34 0.12
4 0.19 0.21 0.29 -0.58
4 -2.2 -0.92 -0.45 0.07
4 -0.3 -0.89 -1.07 -0.74
4 -0.71 -0.02 0.1 0.16
4 0.34 1.19 0.96 1.67
4 0.28 -0.14 0.31 0.75
4 -0.79 -0.57 -0.17 0.01
4 1.62 2.35 1.6 1.31
4 0.83 1.56 0.31 0.44
4 -0.08 0.74 0.49 0.25
4 -0.27 -0.36 0.35 0.59
4 -3.15 -1.8 -0.47 -1.75
4 0.48 0.58 0.68 -0.2
4 -1.94 -1.43 -2 -1.13
4 -2.2 -1.78 -1.87 -2.53
4 0.05 0 -0.2 0.7
4 -0.63 -0.14 0.54 -0.63
4 1.18 1.36 1.14 1.16
4 -2.42 -1.8 -2.74 -1.78
4 0.22 -0.96 0.58 -0.15
4 2.48 1.61 2.24 1.69
4 -0.71 -1.37 -0.72 -0.36
4 2.22 0.67 1.44 1.64
4 -1.88 -1.32 -0.94 -2.01
4 -0.14 0.8 -0.19 -0.38
4 -0.23 -1.05 -0.15 0.03
4 1.01 0.26 0.15 0.05
4 -0.84 -1.19 -0.75 -0.71
4 -1.83 -0.58 -1.21 -0.54
4 2.56 2.11 1.06 1.5
4 -1.7 -1.43 0.01 -1.05
4 0.92 0.36 2.02 0.58
4 0.11 0.17 0.62 -0.02
4 0.13 -0.17 -0.31 0.64
4 0.08 0.25 -0.62 -0.34
4 -0.46 0.3 -0.58 -0.4
4 2.87 0.62 1.53 0.07
4 -0.12 -0.85 -0.3 0.41
4 -0.13 0.08 0.56 -0.64
4 0.21 1.02 -0.31 -0.8
4 0.18 0.21 0.74 0.11
4 1.77 0.78 -0.23 0.22
4 2.9 1.65 1.65 1.12
4 1.16 0.7 0.97 0.79
4 -2.13 -1.93 -1.08 -1.75
4 0.41 -0.36 -0.04 -0.56
4 0.19 0.74 0.92 0.4
4 0.76 1.46 0.47 1.39
4 -0.61 -0.91 -0.63 -0.86
4 -1.01 -0.32 -0.23 -1.06
4 -0.53 -0.77 -1.09 -0.91
4 0.02 -0.09 -0.32 0.28
4 -1.09 0.35 -1.06 -1.92
