1 3.94 2.63 3.03 2.54
1 4.96 3.39 3.16 2.42
1 4.14 4.26 3.78 3.21
1 4.25 3.86 2.78 3.57
1 6.14 3.06 3.59 2.82
1 4.75 4.92 5.69 4.49
1 3.47 2.93 1.86 2.9
1 4.41 3.26 2.56 3.07
1 4.32 4.51 3.79 4
1 3.95 3.37 3.72 3.06
1 4.61 3.1 3.21 3.34
1 4.13 4.55 4.02 3.67
1 4.14 4.42 3.01 4.03
1 3.44 3.1 3.59 3.69
1 3.77 3.71 3.67 4.3
1 5.16 3.7 3.75 3.81
1 4.73 3.59 3.42 3.31
1 4.86 3.99 3.57 5.11
1 3.87 2.6 2.94 3.68
1 3.97 2.19 3.23 3.13
1 4.47 3.35 3.38 3.27
1 1.67 2.6 2.2 2.69
1 4.08 4.39 3.33 3.06
1 2.96 2.77 2.89 2.91
1 3.73 3.24 3.13 3.82
1 2.99 2.84 3.32 3.05
1 4.48 3.25 4.06 4.19
1 5.97 4 4.5 4.25
1 2.62 1.25 2.85 3.28
1 4.51 3.41 3.57 3.47
1 4.62 2.99 3.87 4.53
1 2.83 2.49 3.28 2.04
1 5.71 3.72 2.96 2.78
1 4.61 3.6 2.24 3.31
1 4.07 3.35 2.2 4.31
1 5.43 3.59 4.26 3.2
1 4.14 3.38 2.27 2.33
1 4.37 3.54 3.74 4.08
1 3.49 3.61 2.31 2.1
1 3.76 3.26 3.14 3.42
1 4.18 3.86 3.31 4.14
1 4.56 3.17 2.62 2.71
1 3.68 2.82 3.28 2.63
1 2.01 1.45 3.25 3.26
1 4.84 3.02 3.54 4.45
1 4.81 3.08 2.41 2.43
1 4.26 4.19 3.11 4.42
1 3.89 3.51 3.65 3.7
1 3.51 3.47 3.87 2.88
1 3.35 2.78 2.04 2.65
1 5.45 4.81 4.12 3.66
1 4.5 3.37 4.29 3.03
1 3.98 4.96 4.31 4.62
1 4.46 2.51 4.36 3.72
1 5.46 3.61 5.23 4.87
1 5.07 3.67 3.78 4.25
1 4.75 3.82 3.4 2.68
1 3.39 2.56 2.36 2.69
1 4.06 2.71 3.1 3.02
1 3.26 1.49 2.48 2.24
1 3.66 4.36 4.3 4.19
1 3.71 3.23 3.52 2.8
1 4.01 2.99 3.63 3.19
1 3.67 2.34 3.78 3.52
1 3.21 3.03 2.31 2.21
1 3.5 3.29 2.94 2.43
1 4.86 4.07 3.32 2.88
1 5.61 3.68 4.48 3.41
1 4.13 4.01 4.62 3.41
1 4.02 2.07 2.63 2.14
1 2.74 1.73 2.74 2.1
1 5.04 2.98 3.71 4.27
1 4.16 3.4 3.41 4.13
1 4.76 3.29 5.12 3.75
1 5.08 2.89 3.34 3
1 3.11 2.53 1.44 2.57
1 4.61 3.83 3.68 3.87
1 2.85 2.51 2.75 2.86
1 3.76 3.4 3.22 2.22
1 3.45 3.02 3.45 2.23
1 5.66 3.22 2.84 3.54
1 3.96 3.16 2.17 2.47
1 3.74 3.25 2.57 3
1 4.38 3.63 3.61 3.97
1 4.23 3.01 4.43 2.29
1 4.06 4.41 4.38 3.54
1 3.55 2.82 2.21 3.28
1 3.86 3.31 3.41 2.99
1 4.6 3.2 3.18 1.67
1 3.95 2.95 2.95 2.23
1 5.67 3.43 4.33 4.79
1 4.73 4.24 2.67 3.62
1 4.97 2.96 4.51 4.25
1 3.97 3.31 3.47 2.88
1 3.58 2.72 3.02 3.92
1 3.23 2.72 3.31 2.36
1 5.22 3.13 4.13 3.6
1 3.35 2.11 1.89 3.17
1 4.33 2.85 3.13 2.97
1 3.25 4.03 2.17 3.38
1 4.51 3.03 2.76 3.13
1 4.08 2.92 2.38 3.17
1 4.49 3.53 4.19 3.14
1 3.43 2.66 2.44 2.41
1 4.34 4.36 3.62 3.5
1 4.12 3.86 2.14 3.01
1 4.86 4.42 4.68 3.36
1 4.53 2.13 3.7 2.5
1 3.63 2.75 3.6 2.42
1 3.82 2.52 4.39 2.4
1 3.15 3.59 2.47 2.11
1 3.94 2.65 4.13 3.96
1 5.52 3.5 4.21 4.36
1 3.98 3.02 2.88 2.93
1 3.42 2.84 1.95 2.1
1 3.8 2.51 3.64 4.16
1 4.82 4.02 4.14 3.86
1 4.35 4.05 3.39 4.71
1 4.65 2.49 2.53 4.27
1 4.34 2.6 3.18 2.61
1 2.95 2.39 2.92 3.54
1 4.37 3.02 2.98 4.24
1 4.8 3.5 3.2 2.3
1 4.31 3.84 4.21 3.62
1 5.07 3.48 4.03 3.84
1 3.49 3.04 3.57 3.17
1 4.41 2.96 3.39 2.77
1 3.18 2.74 1.82 3.68
1 4.3 3.95 3.55 3.93
1 3.51 3.52 3.64 3
1 4.39 2.96 4.26 3.89
1 5.18 4.44 4.22 4.61
1 4.79 3.59 3.91 3.23
1 4.85 3.64 2.21 2.24
1 4.25 3 2.77 2.71
1 2.94 2.48 3.56 2.09
1 5.57 3.87 4.1 3.92
1 4.93 3.19 4.14 3.22
1 2.74 3.82 1.96 2.66
1 5.11 3.5 3.56 2.85
1 4.31 2.76 2.74 2.42
1 3.38 3.74 2.66 2.44
1 4.56 3.48 2.89 2.54
1 4.5 3.49 3.49 3.2
1 4.36 3.55 3.05 3.89
1 2.29 2.96 2.52 2.47
1 4.44 3.75 3.48 3.57
1 3.48 3.16 2.04 2.98
1 3.61 3.58 2.56 2.65
1 3.8 3.13 2.72 3.45
1 3.72 3.07 2.95 1.82
1 3.27 1.92 2.12 1.4
1 3.78 2.85 2.69 3.41
1 4.01 3.36 3.62 2.93
1 4.06 2.7 3.6 2.9
1 4.65 3.08 3.89 2.93
1 5.24 4.28 3.49 3.32
1 4.38 2.97 3.4 3.37
1 4.03 3.32 2.8 4.15
1 3.78 3.33 3.94 3.16
1 3.95 2.86 3.07 2.64
1 3.77 3.9 2.77 3.11
1 4.6 4.63 3.98 4.01
1 3.68 3.64 2.37 3.13
1 2.94 3.23 3.21 2.78
1 3.07 4.18 3.63 3.73
1 4.27 2.84 3.61 2.27
1 4.57 2.1 3.14 2.6
1 4.18 3.33 2.82 2.2
1 4.14 4.58 3.81 2.67
1 4.45 2.74 4.19 3.08
1 4.95 4.41 4.62 4.05
1 5.08 3.17 3.12 3.98
1 4.49 3.66 3.87 2.56
1 3.15 2.75 2.58 3.55
1 3.7 1.98 2.48 2.82
1 4.31 3.02 3.77 3.8
1 3.89 3.29 3.13 2.89
1 4.42 2.9 2.24 3.01
1 4.04 3.21 4.05 2.96
1 4.06 3.75 3.95 3.29
1 5.41 3.75 3.36 3.82
1 3.08 3.05 3.1 2.99
1 5.05 4.11 3.13 4.02
1 3.41 2.93 2.48 4.06
1 4.34 4.65 3.45 3.89
1 3.51 3.84 4.04 2.99
1 3.73 3.44 2.84 3.57
1 4.78 3.76 4.65 4.1
1 4.66 3.54 3.08 3.93
1 4.46 3.29 3.12 2.84
1 5.02 3.68 4.59 2.91
1 2.75 3.45 2.94 3.14
1 4.98 3.49 3.04 4.47
1 2.66 2.03 2.64 2.43
1 3.81 2.65 3.44 3.19
1 2.91 3.15 3.4 2.86
1 5.2 3.66 3.46 3.23
1 3.43 3.11 3.85 2.38
1 4.42 3.8 2.96 2.58
1 4.66 4.1 3.85 3.93
1 3.51 2.09 3.42 2.39
1 2.68 1.78 2.93 2.38
1 5.12 4.35 3.17 3.58
1 4.38 3.21 2.93 2.23
1 4.35 3.68 2.76 2.43
1 3.18 2.97 2.68 2.49
1 4.35 2.96 3.62 3.54
1 4.49 3.46 3 3.77
1 4.23 3.35 4.04 3.89
1 3.86 2.89 2.63 3.39
1 3.83 2.68 1.47 3.99
1 4.17 4.06 3.15 4.11
1 4 2.91 3.03 3.24
1 2.46 3.17 3.47 1.72
1 5.36 3.59 4.06 3.55
1 4.36 2.61 2.27 2.35
1 3.84 3.61 3.97 4.29
1 3.3 1.84 2.15 3.72
1 3.88 3.44 3.62 2.42
1 4.16 3.03 4.71 3.61
1 4.21 4.38 3.11 3.61
1 3.98 2.7 3.66 2.18
1 4.06 3.29 2.71 3.17
1 3.66 3.19 3.51 3.92
1 3.6 2.46 2.7 3.04
1 4.19 2.83 3.47 4.22
1 4.55 3.63 2.33 3.9
1 3.43 2.86 4.14 2.89
1 3.44 2.32 3.24 2.64
1 5.49 3.36 3.6 3.79
1 4.67 3.5 3.04 5.03
1 3.72 2.89 2.73 3.09
1 4.19 3.27 3.74 2.55
1 5.06 2.73 3.88 3.15
1 3.2 3.32 3.66 3.08
1 4.79 2.62 2.83 2.65
1 4.62 3.28 3.81 4.89
1 2.84 3.03 3.42 3.28
1 4.11 2.55 3.62 3.89
1 4.5 2.8 4.65 2.65
1 3.96 3.12 3.48 4.09
1 3.56 3.62 4.14 3.25
1 4.96 4.89 3.38 3.6
1 4.04 2.7 2.83 2.39
1 2.42 3.88 2.95 3.12
1 4.7 4.68 3.21 3.6
1 3.08 3.85 4.23 3.04
1 3.62 2.3 2.26 2.81
1 4.35 4.15 3.52 3.57
1 3.67 3.09 3.3 3.68
1 5.01 3.6 2.45 3.8
1 4.52 2.77 3.45 3.7
1 4.3 2.55 3.61 3.38
1 4.73 3.32 4.55 4.32
1 4.91 3.39 3.21 3.25
1 3.93 3.99 2.92 2.67
1 4.37 3.25 3.01 3.44
1 4.92 3.67 3.1 3.34
1 2.98 2.09 2.19 2.7
1 4.58 4.45 3.77 3.17
1 2.83 2.61 2.61 3.05
1 3.74 2.81 3.45 2.18
1 3.4 1.41 2.67 3.31
1 2.91 2.97 3.43 3.4
1 4.33 3.15 3.03 3.68
1 3.49 3.38 2.31 2.49
1 2.94 3.24 2.51 2.46
1 3.51 3.19 3.36 2.15
1 3.93 2.84 3.5 4.29
1 3.23 3.54 3.36 3.72
1 3.3 2.79 3.58 2.53
1 2.75 2.45 2.8 2.69
1 3.9 3.18 3.3 2.3
1 4.96 3.51 3.87 4.04
1 3.62 3.21 3.85 4.29
1 4.1 3.12 3.62 3.44
1 3.52 3.03 3.03 3.52
2 -4.44 -3.45 -4.33 -3.9
2 -2.36 -2.49 -2.09 -2.18
2 -3.39 -3.79 -1.19 -2.43
2 -3.34 -3.23 -1.54 -2.69
2 -0.87 -1.37 -2.18 -0.77
2 -1.39 0.27 -0.19 0.18
2 -4.75 -3.77 -3.78 -3.44
2 -3.15 -2.29 -2.48 -1.98
2 -3.07 -1.69 -1.83 -1.57
2 -3.79 -1.89 -3.66 -2.92
2 -3.17 -2.71 -2.28 -3.6
2 -3.57 -1.62 -2.91 -3.01
2 -3.62 -4.21 -2.95 -3.35
2 -4.51 -3.78 -2.15 -3.05
2 -2.87 -1.11 -0.23 -1.41
2 -2.2 -1.61 -3.13 -1.83
2 -2.85 -2.73 -2.46 -3.19
2 -2.12 -2.16 -2.64 -2.09
2 -4.39 -4.42 -4.13 -3.74
2 -4.51 -3.01 -4.73 -4.85
2 -3.45 -3.17 -2.13 -3.6
2 -6.75 -3.79 -4.12 -3.68
2 -3.13 -2.67 -2.08 -2.27
2 -5.93 -4.66 -5.71 -4.62
2 -4.02 -2.43 -1.95 -2.75
2 -5.47 -3.29 -3.72 -4.39
2 -3.48 -3.57 -2 -2.95
2 -1.44 -1.83 -0.87 -3.5
2 -5.23 -3.58 -3.05 -3.98
2 -3.15 -3.35 -1.88 -2.37
2 -2.82 -2.93 -2.38 -3.22
2 -5.55 -3.77 -4.16 -4.5
2 -1.83 -2.84 -2.88 -2.94
2 -3.44 -3.75 -3.21 -3.56
2 -4.19 -3.52 -3.36 -3.64
2 -1.92 -1.66 -2.53 -0.92
2 -4.35 -3.89 -4.78 -4.12
2 -2.99 -2.03 -2.26 -2.01
2 -4.27 -3 -2.79 -2.65
2 -4.21 -3.21 -3.58 -2.63
2 -3.36 -2.22 -2.3 -2.54
2 -3.94 -3.83 -3.49 -3.66
2 -4.32 -3.16 -3.07 -2.58
2 -6.49 -4.17 -3.59 -4.61
2 -2.53 -1.16 -1.72 -2.5
2 -3.64 -3.87 -4.93 -4.49
2 -3.12 -2.27 -2.18 -3.34
2 -3.45 -2.35 -1.39 -2.6
2 -4.4 -3.04 -2.17 -2.86
2 -5.86 -5.62 -4.84 -4.87
2 -1.65 -1.06 -1.21 -2.98
2 -3.46 -4.12 -3.92 -2.4
2 -3.19 -2.22 -2.1 -2.23
2 -2.68 -2.24 -0.87 -1.23
2 -1.22 -0.7 -0.83 -1.2
2 -2.24 -2.29 -1.56 -2.4
2 -3.17 -3.82 -3.44 -3.5
2 -5.18 -4.3 -4.04 -4.2
2 -3.82 -2.23 -3.21 -2.77
2 -5.86 -5.24 -4.91 -5.3
2 -4.08 -3.01 -3.33 -2.13
2 -4.12 -2.65 -3.18 -2.06
2 -4.36 -3.81 -4.44 -3.58
2 -4.47 -2.84 -3.72 -3.69
2 -4.94 -2.82 -3.54 -3.36
2 -4.84 -3.16 -4.63 -3.89
2 -2.86 -4.1 -3.3 -2.09
2 -1.24 -1.08 -1.91 -1.89
2 -3.39 -2.93 -2.57 -3.06
2 -4.63 -3.2 -4.53 -4.12
2 -6.23 -5.47 -5.18 -3.61
2 -2.46 -3.17 -2.61 -2.59
2 -3.63 -3.08 -2.86 -3.23
2 -2.67 -1.81 -1.8 -2.44
2 -2.73 -3.94 -2.99 -3.25
2 -5.84 -4.58 -4.71 -5.43
2 -3.23 -2.65 -3.05 -3.83
2 -6.13 -5.61 -4.12 -4.37
2 -4.17 -3.76 -2.51 -3.4
2 -4.55 -3.7 -3.36 -3.33
2 -2.25 -3.44 -2.56 -2.79
2 -4.4 -3.3 -4.6 -5.02
2 -4.42 -3.3 -2.69 -4.16
2 -3.13 -2.85 -1.9 -3.04
2 -3.79 -3.36 -2.52 -3.28
2 -3.71 -2.79 -2.59 -2.41
2 -4.98 -4.15 -4 -3.52
2 -3.92 -2.42 -2.84 -2.49
2 -3.15 -2.15 -2.13 -1.84
2 -4.38 -4.14 -2.96 -3.21
2 -1.43 -1.25 -2.35 -1.69
2 -2.84 -2.28 -2.42 -3.45
2 -2.12 -1.08 -1.96 -1.86
2 -3.45 -2.27 -2.97 -3.16
2 -4.49 -3.43 -2.74 -2.53
2 -5.85 -4.9 -4.8 -3.93
2 -2.62 -3.36 -4.02 -3.81
2 -5.09 -2.39 -3.22 -3.89
2 -3.85 -3.51 -2.94 -3.45
2 -4.69 -3.29 -3.33 -3.94
2 -3.41 -1.88 -3.24 -2.93
2 -4 -3.27 -3.54 -2.62
2 -3.44 -3.34 -3.81 -2.91
2 -5.22 -4.38 -4.47 -3.38
2 -2.94 -1.91 -1.27 -1.69
2 -3.83 -2.95 -3.76 -2.89
2 -2.34 -1.69 -1.51 -1.82
2 -3.12 -2.17 -2.81 -2.69
2 -5.29 -4.81 -4.93 -3.14
2 -4.42 -3.6 -2.54 -3.43
2 -5.66 -4.99 -4.58 -5.17
2 -3.86 -3.15 -3.17 -2.83
2 -1.14 -1.53 -1.03 -1.11
2 -3.98 -4.03 -3.25 -3.46
2 -5.63 -5.2 -4.49 -3.68
2 -3.74 -1.79 -2.6 -2.31
2 -2.33 -2.26 -1.08 -0.98
2 -2.96 -1.67 -2.6 -2.81
2 -3.19 -2.91 -2.63 -2.33
2 -3.58 -2.69 -2.34 -3.04
2 -5.42 -2.84 -3.38 -4
2 -3.39 -1.66 -2.95 -3.35
2 -3.41 -3.09 -4.09 -2.91
2 -3.06 -1.41 -2.57 -2.34
2 -2.05 -0.72 -2.22 -2.29
2 -4.56 -3.33 -3.23 -3.36
2 -3.93 -4.56 -4.1 -3.65
2 -5.28 -3.37 -3.24 -3.58
2 -3.29 -1.77 -2.96 -1.92
2 -4.88 -4.62 -5.39 -3.36
2 -3.4 -2.29 -3.29 -2.74
2 -1.9 -2.27 -1.86 -1.15
2 -3 -3 -2.06 -2.56
2 -3.42 -3.68 -3.24 -3.68
2 -4 -4.8 -4.58 -3.55
2 -5.8 -4.58 -3.93 -4.59
2 -1.62 -1.63 -2.48 -1.74
2 -2.56 -2.81 -2.06 -2.81
2 -6.37 -5.14 -3.86 -4.71
2 -2.51 -2.23 -3.04 -3.61
2 -4.01 -3.55 -3.06 -3.27
2 -5.41 -4.7 -4.8 -4.22
2 -3.15 -1.99 -2.45 -2.57
2 -2.83 -2.39 -2.28 -2.62
2 -3.03 -1.25 -2.12 -2.59
2 -6.2 -3.4 -5.18 -4.55
2 -3.09 -2.49 -0.96 -1.22
2 -4.86 -4.21 -3.03 -3.2
2 -4.51 -3.11 -3.64 -3.56
2 -4.12 -3.14 -3.52 -3.18
2 -4.44 -3.3 -3.64 -4.23
2 -5.71 -4.35 -4.26 -4.53
2 -4.32 -3.2 -2.59 -2.41
2 -3.2 -2.52 -1.41 -1.71
2 -3.45 -3.3 -2.56 -1.93
2 -3.11 -2.66 -2.68 -2.09
2 -2.26 -2.34 -2.1 -2.6
2 -3.38 -2.8 -2.25 -2.91
2 -4.35 -3.47 -2.51 -3.83
2 -4.1 -2.45 -3.01 -3.26
2 -4.95 -5.24 -3.73 -5.54
2 -4.54 -4.45 -4.14 -3.33
2 -3.04 -1.59 -2.73 -3.11
2 -4.31 -3.47 -2.74 -2.87
2 -6 -4.16 -5.23 -5.25
2 -5.05 -3.53 -2.7 -3.92
2 -4.12 -4.44 -4.45 -4.76
2 -3.8 -3.67 -3.73 -3.7
2 -4.36 -4.07 -4.09 -4.42
2 -3.11 -2.15 -2.72 -2.14
2 -3.13 -2.89 -2.31 -3.02
2 -2.24 -1.42 -1.55 -1.67
2 -2.26 -2.42 -1.35 -2.61
2 -2.78 -1.51 -1.75 -3.47
2 -5.34 -4.08 -3.79 -4.02
2 -4.32 -3.87 -3.62 -2.74
2 -3.67 -3.08 -3.62 -2.66
2 -4.35 -4.46 -3.92 -3.57
2 -3.44 -2.82 -2.78 -3.42
2 -3.75 -3.43 -3.05 -2.37
2 -3.69 -2 -2.57 -3.26
2 -2.12 -2.75 -2.63 -2.25
2 -4.82 -2.78 -2.76 -2.92
2 -2.75 -2.91 -3.36 -2.64
2 -4.6 -3.61 -3.9 -3.98
2 -3.06 -2.78 -2.57 -1.78
2 -4.41 -2.98 -2.45 -2.94
2 -3.92 -2.44 -2.2 -2.47
2 -1.92 -1.34 -0.95 -1.19
2 -3.27 -3.57 -2.21 -3.63
2 -3.33 -2.85 -2.86 -2.8
2 -2.55 -2.57 -2.32 -2.53
2 -5.46 -3.5 -3.46 -3.54
2 -2.86 -3.32 -2.44 -3.17
2 -6.07 -4.19 -3.97 -3.46
2 -3.75 -2.87 -2.52 -2.83
2 -5.33 -4 -3.95 -3.43
2 -2.32 -2.51 -3.75 -2.23
2 -4.71 -3.91 -3.79 -3.49
2 -3.24 -3.22 -2.63 -2.28
2 -2.92 -2.9 -3.71 -2.69
2 -5.12 -3.83 -4.4 -4.29
2 -6.18 -3.49 -4.69 -4.94
2 -2.74 -3.2 -3.47 -3.07
2 -3.27 -1.25 -2.31 -2.54
2 -3.72 -2.38 -3.66 -2.81
2 -4.93 -3.07 -3.42 -2.98
2 -3.18 -3.04 -2.22 -2.47
2 -3.32 -2.22 -2.26 -1.84
2 -3.58 -3.14 -2.44 -3.72
2 -4.35 -3.1 -3.52 -3.37
2 -4.37 -3.99 -3.43 -3.05
2 -3.34 -3.13 -2.65 -2.09
2 -4.03 -3.68 -2.15 -3.36
2 -6.21 -3.83 -3.6 -3.29
2 -2.05 -0.97 -1.94 -2.34
2 -3.59 -3.25 -3.1 -3.1
2 -3.76 -2.44 -2.73 -2.59
2 -5.3 -4.6 -4.93 -4.49
2 -4 -2.15 -2.6 -2.44
2 -3.34 -2.57 -1.98 -2.34
2 -3.33 -2.86 -2.25 -2.48
2 -4.26 -5.03 -2.62 -2.65
2 -4.14 -3.71 -2.95 -4.08
2 -4.31 -3.52 -3.19 -2.69
2 -4.83 -3.5 -3.89 -4.93
2 -3.6 -2.45 -1.99 -2.39
2 -3.02 -2.07 -3.38 -3.01
2 -5.25 -4.5 -5.07 -4.19
2 -5.39 -4.18 -4.39 -5.15
2 -1.7 -1.82 -0.58 -0.64
2 -2.96 -2.98 -3.13 -2.75
2 -4.62 -3.66 -4.22 -2.55
2 -3.77 -3.43 -2.77 -3.4
2 -3.06 -3.52 -4.68 -3.03
2 -4.87 -3.42 -3.11 -3.19
2 -3.48 -3.65 -3.07 -3.62
2 -2.77 -2.09 -2.32 -2.15
2 -5.26 -3.95 -3.93 -2.6
2 -4.08 -3.31 -3.06 -3.19
2 -3.3 -3.63 -2.13 -2.45
2 -3.7 -3.06 -3.07 -2.97
2 -4.4 -2.14 -2.41 -3.45
2 -2.27 -3.13 -2 -1.97
2 -4.3 -4.74 -4.14 -3.8
2 -6.46 -4.5 -4.19 -5.45
2 -2.62 -1.8 -2.37 -2.29
2 -4.49 -2.68 -2.71 -2.78
2 -4.76 -3.24 -3.06 -4.94
2 -3.32 -3.04 -2.84 -3.73
2 -4.17 -2.59 -2.34 -2.74
2 -3.02 -3.87 -2.76 -3.97
2 -3.44 -3.11 -3.71 -3.54
2 -3.61 -3.18 -3.13 -2
2 -2.57 -2.54 -2.37 -1.86
2 -3.43 -3.79 -3.8 -4.33
2 -4.67 -3.76 -3.38 -3.8
2 -3.39 -2.71 -3.36 -2.42
2 -2.65 -3.17 -2.23 -3.05
2 -5.85 -5.05 -4.11 -4.31
2 -2.93 -2.02 -3.28 -1.86
2 -5.68 -4.3 -4.52 -3.7
2 -4.25 -2.69 -3.73 -2.59
2 -5.03 -3.05 -4.59 -4.61
2 -5.14 -2.46 -3.46 -3.64
2 -3.28 -3.04 -3.11 -2.83
2 -4.78 -3.52 -3.95 -4.4
2 -5.53 -3.73 -3.28 -3.79
2 -5.07 -3.75 -3.37 -4.66
2 -4.25 -4.09 -3.4 -3.8
2 -4.8 -4.16 -3.61 -4.61
2 -5.32 -4.98 -4.06 -4.19
2 -5.74 -3.43 -3.43 -4.51
2 -4.24 -3.96 -2.98 -4.16
2 -2.3 -1.98 -3.04 -2.93
2 -4.2 -4 -3.9 -2.41
2 -3.87 -3.24 -2.88 -2.87
2 -4.68 -3.77 -3.96 -3.33
2 -3.49 -2.77 -2.67 -2.48
2 -5.78 -4.26 -3.96 -4.22
2 -3.76 -3.11 -4.45 -4.27
2 -3.93 -3.57 -3.25 -3.8
2 -3.7 -2.65 -1.72 -2.17
2 -3.85 -3.85 -3.65 -3.21
2 -5.94 -4.75 -6.41 -4.18
2 -4.41 -2.69 -4 -3.01
2 -3.51 -3.65 -2.59 -3.45
2 -4.98 -3.76 -3.88 -4.59
2 -3.76 -1.72 -2.47 -2.5
2 -2.33 -2.31 -3.54 -2.69
2 -5.06 -4.41 -4.1 -4.08
2 -4.33 -2.39 -3.34 -2.18
2 -4.67 -3.25 -3.01 -3.49
2 -5.59 -4.32 -4.14 -4.39
2 -4.46 -4 -3.7 -3.49
2 -4.4 -3.69 -3.37 -4
2 -6.01 -4.32 -4.64 -4.41
2 -3.64 -1.52 -2.38 -2.39
2 -3.44 -2.64 -2.94 -2.33
2 -2.8 -1.31 -2.3 -2.29
2 -1.23 -0.73 -1.7 -2.03
2 -4.22 -4.37 -3.83 -3.06
2 -3.03 -2.28 -2.77 -2.3
2 -3.38 -2.81 -3.69 -3.03
2 -3.22 -2.23 -2.64 -2.37
2 -2.5 -1.23 -2.87 -2.36
2 -8.25 -5 -5.4 -5.23
2 -4.45 -3.19 -2.91 -3.64
2 -4.77 -3.18 -3.21 -3.31
2 -5.42 -3.96 -4.32 -4.24
2 -4.37 -2.14 -3.87 -2.28
2 -4.07 -3.63 -3.01 -2.17
2 -2.58 -3.35 -2.37 -1.46
2 -3.74 -2.53 -1.93 -2.86
2 -2.97 -2.5 -1.89 -3.39
2 -3.99 -3.08 -3.72 -3.26
2 -3.11 -2.42 -2.03 -1.67
2 -3.29 -3.09 -1.82 -3.13
2 -2.34 -2.85 -2.83 -2.57
3 7.75 6.07 5.89 6.11
3 9.3 7.65 7.58 6.85
3 8.38 6.72 7.62 6.56
3 8.45 6.55 6.46 6.8
3 10.63 7.32 8.01 7.1
3 9.68 8.93 8.02 8.07
3 7.36 6.26 5.44 5.78
3 8.63 7.2 6.31 7.32
3 8.62 6.96 7.16 8.2
3 8.08 6.53 6.34 6.49
3 8.72 7.59 6.19 8.04
3 8.28 5.74 6.86 7.7
3 8.26 7.52 7.19 6.98
3 7.47 5.88 6.55 5.87
3 8.45 7.78 8.18 8.71
3 9.48 6.6 6.98 6.93
3 8.94 6.27 6.84 7.32
3 9.37 7.11 7.87 7.17
3 7.74 6.67 6.26 5.37
3 7.73 6.07 5.87 5.4
3 8.51 7.1 6.33 6.95
3 5.46 4.85 6.92 7.17
3 8.48 8.18 7.41 7.22
3 6.52 4.72 5.28 5.46
3 7.85 6.08 6.5 6.26
3 6.76 5 5.86 6.71
3 8.5 7.16 5.96 6.27
3 10.27 6.68 7.81 6.72
3 6.69 6.67 5.6 5.13
3 8.68 7.06 6.45 6.62
3 8.9 7.21 6.64 6.7
3 6.64 5.48 6.33 6.34
3 9.94 7.93 6.74 7.36
3 8.59 6.36 5.6 6.79
3 7.94 6.5 5.88 5.87
3 9.75 6.47 7.95 7.53
3 7.89 5.69 5.57 5.89
3 8.69 7.48 6.95 6.81
3 7.61 6.73 6.97 6.78
3 7.78 6.5 6.42 6.14
3 8.41 6.99 7.54 6.82
3 8.31 5.49 6.43 5.7
3 7.68 6.43 6.98 6.39
3 5.76 4.95 4.46 5.94
3 9.16 7.92 7.44 6.57
3 8.58 6.16 5.37 6.06
3 8.57 6.58 8.18 6.39
3 8.22 7.09 6.48 6.78
3 7.55 6.27 5.74 7.51
3 6.75 4.61 4.75 3.79
3 9.9 7.23 7.97 6.49
3 8.52 6.66 5.39 6.55
3 8.39 7.66 7.53 7.7
3 8.89 7.07 7.74 7.27
3 10.12 8.02 7.15 8.56
3 9.41 7.22 6.56 6.86
3 8.79 6.62 5.97 6.84
3 7.11 5.84 5.35 5.11
3 8.12 6.82 7.01 6.58
3 6.7 5.73 5.19 4.94
3 7.79 7.02 6.28 6.26
3 7.8 6.67 6.49 6.55
3 7.83 6.11 5.99 6.36
3 7.6 7.41 6.14 6.34
3 7.14 5.49 6.65 5.56
3 7.33 7.06 6.63 5.48
3 9 6.75 6.32 7.13
3 10.19 6.72 8.28 7.5
3 8.37 7.29 7.2 7.47
3 7.7 5.92 6.28 6.45
3 6.26 4.85 5.23 6.06
3 9.29 6.53 6.88 6.54
3 8.27 6.84 6.67 6.75
3 9.04 7.46 6.66 7.31
3 9.17 5.93 8.15 7.02
3 6.63 5.28 5.25 4.66
3 8.69 5.24 6.41 5.68
3 6.36 5.23 6.4 4.43
3 7.79 6.5 6.53 7.03
3 7.45 5.92 6.16 5.87
3 9.7 7.55 6.36 6.53
3 7.78 6.46 6.12 4.89
3 7.66 6.44 6.39 6.13
3 8.62 7.02 7.22 6.73
3 8.22 7.62 6.84 6.19
3 8.17 7.22 6.54 6.76
3 7.29 5.9 5.75 6.21
3 7.97 7.15 6.17 6.5
3 8.73 6.53 6.43 6.28
3 7.78 6.09 5.53 5.41
3 10.12 6.83 6.59 7.41
3 8.95 6.65 6.61 7.51
3 9.42 7.32 8.18 7.31
3 8.26 6.06 6.68 7.29
3 7.55 6.26 6.75 7.38
3 6.69 4.86 5.15 5.56
3 9.3 6 6.97 7.06
3 7.13 5.98 6.83 6.85
3 8.24 6.29 7.33 6.2
3 7.28 5.73 6.91 6.61
3 8.55 6.43 7.29 6.12
3 8.04 5.55 7.39 6.12
3 8.53 6.52 6.43 6.66
3 7.11 5.83 4.81 6.51
3 8.7 6.71 7.82 7.45
3 8.14 6.53 7.24 7.19
3 9.26 7.07 6.56 8.05
3 8.71 6.56 7.38 6.06
3 7.17 4.94 4.74 5.31
3 7.7 6.79 5.98 6.01
3 6.74 5.76 5.39 5.8
3 8.04 5.71 5.44 7.67
3 10.19 8.24 7.81 7.96
3 8 6.35 6.73 6.76
3 6.89 4.84 4.71 5.24
3 8.03 7.77 6.78 7
3 9.24 7.39 7.78 8.89
3 8.7 6.95 7.4 7.21
3 8.73 7.7 6.35 5.59
3 8.38 7.54 7.24 6.86
3 6.77 5.82 5.69 6.3
3 8.49 6.12 7.67 6.67
3 8.7 6.13 6.73 6.39
3 8.62 7.21 7.11 6.72
3 9.51 7.43 6.98 6.71
3 7.47 5.95 6.62 5.83
3 8.24 5.36 5.91 6.01
3 6.95 5.94 6 7.1
3 8.51 6.63 7.31 7.89
3 7.32 6.48 6.09 5.37
3 8.49 6.94 6.07 6.7
3 9.64 7.35 6.62 7.28
3 8.9 6.65 6.8 6.66
3 8.71 6.09 6.15 6.48
3 8.12 6.43 6.12 5.22
3 6.57 3.45 5.85 6.09
3 9.97 7.3 7.94 7.17
3 9.18 6.35 6.41 6.89
3 6.18 4.66 4.33 6.04
3 9.3 7.02 7.9 7.66
3 8.15 6.45 5.74 5.05
3 6.98 5.81 5.99 5.53
3 8.7 6.62 6.6 5.68
3 8.84 7.78 6.59 6.69
3 8.66 6.96 7.24 6.36
3 6.05 6.03 5.82 6.75
3 8.67 7 6.82 6.72
3 7.31 6.29 5.64 5.84
3 7.55 6.62 6.73 5.16
3 7.84 6.13 6.24 7.34
3 7.64 4.87 6.73 6.43
3 6.78 4.54 5.14 6.36
3 7.73 6.52 5.65 7.66
3 8.41 7.84 7.44 7.27
3 8.3 6.78 6.11 7.77
3 8.77 6.89 6.84 6.62
3 9.49 7.54 6.42 6.64
3 8.5 7.58 7.5 6.28
3 7.84 6.09 5.63 6.02
3 7.84 7.63 6.79 6.79
3 7.5 3.94 5.28 4.96
3 7.61 5.36 5.63 5.22
3 8.78 6.74 6.3 6.74
3 7.68 6.96 6.49 6.42
3 6.47 5.09 5.48 4.86
3 7.01 5.67 6.05 6.43
3 8.07 5.13 5.45 6.44
3 8.38 6.92 5.97 6.09
3 7.91 5.65 5.71 6.16
3 8.52 7.39 7.34 7.77
3 8.66 6.15 6.53 5.89
4 -0.64 -1.12 -1.47 -1
4 1.98 1.09 0.74 2.74
4 0.85 1.24 0.98 1.88
4 0.86 0.95 0.46 1.13
4 3.62 2.25 1.51 1.4
4 3.54 3.55 3.81 4.4
4 -0.86 -0.62 0.07 -0.68
4 1.07 1.82 0.98 1.31
4 1.23 0.18 1.35 0.75
4 0.34 1.36 0.33 -0.19
4 0.94 -0.14 0.38 0
4 0.59 0.36 0.85 1.06
4 0.49 -0.1 0.63 1.74
4 -0.49 -0.53 0.13 -0.04
4 1.81 2.21 2.55 2.84
4 2.13 1.86 2.31 0.84
4 1.35 1.07 0.88 1.68
4 2.39 2.64 1.98 1.87
4 -0.52 -1.56 -0.72 -0.91
4 -0.75 -0.13 -0.94 -2.4
4 0.59 -0.45 -0.33 -0.02
4 -2.96 -1.47 -0.15 -1.22
4 1.27 0.75 0.62 1.98
4 -2.37 -1.05 -2.12 -1.35
4 0.11 0.08 0.08 0.96
4 -1.7 -0.83 -0.53 -1.14
4 0.54 0.33 -0.12 0.44
4 2.86 1.33 0.45 1.27
4 -1.16 -0.18 0.09 -0.07
4 1.02 1.66 1.46 0.77
4 1.45 1.13 0.87 0.82
4 -1.74 -0.34 -0.98 -0.89
4 2.39 0.2 1.19 0.8
4 0.53 -0.22 -0.12 -0.11
4 -0.32 -0.21 0.07 -0.38
4 2.4 1.33 1.91 0.7
4 -0.6 -0.92 -0.41 -0.79
4 1.33 1.33 -0.06 0.54
4 -0.15 0.17 0.77 0.08
4 -0.2 0.08 -0.44 1.05
4 0.87 0.06 1.95 -0.24
4 -0.18 -0.23 -1.7 -1.99
4 -0.32 0.31 -0.77 0.11
4 -2.74 -1.56 -1.2 -0.69
4 1.79 1.17 1.75 1.1
4 0.13 -1.14 -1.96 -0.33
4 1.19 0.89 1.37 0.86
4 0.88 1.07 1.62 1.68
4 -0.36 0.4 -0.66 -0.44
4 -2.46 -2.14 -3.08 -2.38
4 2.8 1.43 1.29 1.69
4 0.56 0.1 -0.31 -0.38
4 1.22 1.65 2.13 1.61
4 1.76 1.86 1.87 2.14
4 3.45 2.76 2.22 2.76
4 2.11 1.67 1.27 0.73
4 0.86 0.83 0.18 -0.36
4 -1.46 -0.81 -1.21 -0.73
4 0.24 0.3 0.67 -0.04
4 -2.42 -2.1 -1.62 -1.76
4 0.05 1.69 0.1 1.35
4 -0.03 -0.39 0.84 1.16
4 -0.55 0.32 -0.52 -1.21
4 -0.54 -0.26 0.37 -0.18
4 -1.01 -1.36 -0.31 -0.08
4 -1.01 -0.37 -0.81 -0.3
4 1.28 0.85 0.58 -0.05
4 3.34 1.92 1.88 1.39
4 0.85 0.48 2.47 0.17
4 -0.95 -1.11 -1.31 -0.75
4 -2.71 -1.57 -2.13 -2.48
4 1.79 0.3 2.18 1.03
4 0.47 0.44 0.46 -0.66
4 1.61 -0.21 0.89 1.05
4 1.37 0.4 0.25 0.14
4 -2.32 -1.88 -1.76 -2.08
4 0.85 -0.17 0.49 0.39
4 -2.62 -0.92 -1.73 -1.52
4 -0.14 0.61 0.6 -0.04
4 -0.54 0.23 -0.13 -0.42
4 1.79 0.21 0.16 -0.42
4 -0.58 0.54 -1.21 -0.79
4 -0.49 0.24 -0.58 0.29
4 1.11 1.11 0.49 0.78
4 0.19 0.44 -0.95 0.14
4 0.41 0.29 0.15 1.53
4 -1.25 -0.98 -0.39 -0.62
4 0.19 -0.21 0.02 0.91
4 0.98 0.24 0.94 1.49
4 -0.55 -0.84 -0.62 -0.63
4 3.03 0.78 2.19 1.95
4 1.38 0.8 1.82 0.48
4 2.34 1.59 2.98 1.64
4 0.84 0.57 1.61 1.34
4 -0.52 -0.03 0.65 0.76
4 -2.39 -2.04 -1.08 -1.97
4 1.47 -0.41 0.28 1.05
4 -1.3 -0.95 -1.68 -0.18
4 0.05 -1.14 0.19 -1.14
4 -0.66 0.16 0.9 0.13
4 0.64 0.39 -0.62 0.07
4 -0.03 -0.69 0.42 0.22
4 0.59 0.2 -0.42 1.16
4 -1.54 -1.59 -1.43 -1.35
4 1.42 1.18 1.39 1.76
4 0.19 -0.26 -1.1 0.2
4 2.06 2.27 1.4 1.64
4 1.06 1.03 0.98 2.17
4 -1.75 -2.77 -2.26 -1.86
4 -0.54 -0.25 -0.65 -1.48
4 -2.06 -1.71 -1.26 -1.25
4 0.24 0.11 0.57 0.74
4 3.53 3.51 2.45 2.66
4 0.04 0.04 0.82 0.32
4 -2.16 -2.38 -2.37 -2.54
4 0.48 2.02 1.88 0.16
4 2.1 2.74 2.28 1.2
4 1.39 1.25 1.34 1.4
4 0.89 -0.27 -0.16 1.56
4 0.46 0.15 0.45 1.17
4 -1.6 -0.68 -0.82 -1.31
4 0.74 0.47 0.64 0.53
4 0.49 -0.8 0.01 -0.64
4 1.25 0.63 1.42 1.27
4 2.38 1.85 1.17 2.16
4 -0.58 -0.36 -1 -0.98
4 -0.1 -0.14 -0.54 -0.12
4 -1.51 -0.64 -0.84 -1.11
4 0.91 0.65 0.84 0.69
4 -1.07 -0.77 -0.44 0.2
4 0.71 0.45 1 1.23
4 2.57 2.18 1.25 0.9
4 1.1 -1.65 -0.33 0.49
4 0.44 -0.6 0.5 -1.61
4 -0.13 -1.16 -0.77 -1.01
4 -2.17 -1.88 -0.94 -2.24
4 2.78 1.77 1.47 2.55
4 1.69 1.46 0.4 0.78
4 -2.92 -1.86 -2.11 -2.37
4 1.69 0.65 0.77 -0.33
4 -0.18 -0.07 -0.79 0.19
4 -1.81 -1.75 -1.94 -1.37
4 0.99 0.79 1.05 1.72
4 1.51 1.38 1.08 2.72
4 1.27 1.51 1.74 1.13
4 -2.44 -0.6 -1.05 -0.19
4 1.15 0.56 0.31 0.87
4 -1.03 -2.03 -0.59 -1.03
4 -0.57 -0.92 -1.11 -0.64
4 -0.08 0.41 0.32 0.25
4 -0.51 0.19 -0.87 -0.05
4 -2.2 -2.18 -1.15 -2.32
4 -0.37 0.01 -0.51 -0.99
4 1.2 2.13 1.83 1.5
4 0.8 1.88 0.95 1.01
4 1.01 0.63 0.1 0.07
4 1.98 2.08 0.46 1.16
4 0.74 -0.91 0.56 0.98
4 -0.54 -1.41 -0.55 -0.63
4 -0.05 0.14 0.02 0.64
4 -1.4 -1.24 -2.28 -1.33
4 -0.7 -0.82 -0.63 -1.65
4 1.14 0.12 0.67 0.74
4 -0.31 -0.8 0.04 0.76
4 -2.47 -0.92 -2.25 -0.99
4 -1.1 -0.33 -0.05 0.05
4 -0.32 -0.69 -1.15 -0.23
4 0.02 -1.47 -1.13 -1.5
4 -0.63 -1.12 -1.17 -1.31
4 1.27 1.86 1.01 2.45
4 1.07 1.48 0.28 1.09
4 2.17 1.2 1.28 2.17
4 2.06 1.73 1.69 0.95
4 1.59 0.85 2.54 1.52
