1 5.24 2.73 3.79 4.23
1 3.3 3.82 3.02 2.56
1 4.81 2.32 3.26 3.78
1 4.46 3.65 2.69 3.09
1 4.02 4.3 4.1 3.49
1 5.02 4.01 3.54 3.81
1 4.26 2.77 2.71 3.98
1 4.24 2.35 2.26 2.33
1 3.81 3.93 2.88 2.31
1 3.75 2.82 3.2 2.36
1 3.68 2.71 2.42 3.11
1 4.51 3.92 2.74 3.88
1 4.28 3.88 3.39 3.04
1 4.13 3.88 2.27 2.38
1 3.81 2.2 3.03 2.54
1 3.2 2.8 2.95 3.07
1 4.86 4.26 4.61 4.17
1 4 2.21 3.48 3.72
1 4.92 3.96 2.51 3.57
1 2.61 3.27 2.67 3.18
1 3.2 2.75 2.34 2.75
1 3.81 3.98 3.48 3.81
1 3.16 2.39 2.66 2.97
1 5.54 4.76 3.89 3.5
1 5.08 3.8 4.09 4.45
1 4.6 2.01 2.9 2.67
1 2.96 2.91 2.9 3.78
1 2.28 2.96 2.59 2.61
1 3.68 2.7 2.4 2.66
1 3.08 3.13 1.45 1.9
1 3.27 2.3 3.43 2.04
1 4.82 4.68 3.82 3.21
1 3.56 2.28 2.63 2.49
1 3.78 4.14 2.95 3.82
1 3.76 3.08 2.66 3.57
1 4.5 4.06 3.15 3.18
1 4.24 2.15 2.98 3.55
1 3.71 3.52 4.93 3.32
1 3.57 2.06 2.63 2.22
1 2.6 3.07 3.46 2.94
1 3.95 3.4 2.32 3.77
1 4.29 2.49 2.67 3.66
1 5.15 3.49 3.37 3.75
1 3.24 2.97 2.82 2.64
1 4.31 3.95 2.64 3.7
1 3.5 3.73 3.24 3.69
1 3.35 2.85 2.64 3.52
1 4.15 3.56 2.86 4.08
1 3.53 3.13 3.06 2.92
1 2.71 3.44 3 3.36
1 3.77 2.9 3.55 2.36
1 4.58 2.78 3.29 3.38
1 4.48 3.04 2.52 2.39
1 3.73 2.25 2.5 2.8
1 4.47 3.03 2.79 3.11
1 3.85 2.7 2.66 2.6
1 4.58 4.15 2.92 3.94
1 3.63 3.52 3.74 2.86
1 4.19 3.5 2.79 3.56
1 3.47 2.17 1.67 2.64
1 4.17 2.81 3.47 4.01
1 2.84 2.76 2.42 2.3
1 3.08 3.66 3.6 3.15
1 3.95 3.25 3.21 2.74
1 4.43 3.02 3.36 3.21
1 3.32 2.94 2.86 3
1 4.27 3.93 3.67 3.48
1 4.23 3.72 2.49 3.01
1 4.91 3.08 1.94 1.17
1 5.07 3.21 3.7 3.9
1 3.37 2.01 3.14 3.68
1 4.18 3.12 4.42 2.62
1 4.07 3.75 3.61 2.97
1 3.45 3.56 2.79 3.45
1 5.16 4.18 4.15 2.79
1 4 2.69 2.95 2.63
1 4.44 3.43 2.39 2.63
1 5.32 4.79 3.64 4.17
1 4.3 3.22 3.91 4.06
1 3.49 2.89 2.59 3.8
1 3.28 2.43 2.3 2.74
1 1.91 2.41 2.25 2.29
1 3.33 3.11 2.4 3.18
1 3.23 3.07 3.11 2.72
1 3.47 3.34 2.32 3.87
1 3.17 1.8 3.02 3.22
1 4.82 3.87 4.31 4.52
1 3.73 2.39 3.33 1.98
1 3.47 2.7 3.07 4.14
1 4.39 2.82 2.32 2.12
1 3.68 3.9 3.9 2.89
1 4.05 4.32 3.51 3.06
1 3.17 4.06 2.19 2.14
1 3.98 1.9 2.55 2.08
1 4.24 3.68 2.27 4.19
1 3.93 2.85 3.02 2.34
1 4.18 4.31 3.02 2.31
1 3.22 3.53 2.77 3.1
1 3.69 3.21 2.96 4.31
1 4.18 2.8 3.44 3.04
1 5.09 4.33 3.87 4.75
1 3.31 2.41 2.53 2.11
1 3.61 3.63 2.78 3.33
1 3.7 3.33 3.01 2.77
1 3.69 4.15 2.41 2.75
1 4.13 2.45 3.74 2.73
1 4 4.07 2.88 3.29
1 5.88 3.45 2.76 3.51
1 3.17 2.79 2.63 3.36
1 3.82 1.1 2.08 2.88
1 3.84 2.42 1.97 3.58
1 4.46 3.43 3.54 4.37
1 4.05 3.98 3.5 3.67
1 4.53 2.86 3.8 3.98
1 4.32 3.08 2.85 2.92
1 4.37 3.12 3.73 3.66
1 3.42 3.44 2.45 1.93
1 3.24 3.04 3.13 2.42
1 4.11 2.45 2.67 3.24
1 3.59 3.58 3.52 3.45
1 4.24 3.49 2.97 4.11
1 3.61 2.9 3.76 3.32
1 4.01 3.41 3.2 3.42
1 3.18 3.08 2.46 4.16
1 3.79 1.26 2.74 2.9
1 3.22 2.26 1.67 3.48
1 3.7 2.74 2.5 3.21
1 3.72 3.15 2.29 2.87
1 4.61 4.46 2.88 2.91
1 4.56 3.44 3.76 3.38
1 4.13 2.8 3.44 3.69
1 4.86 2.64 4.09 2.59
1 4.44 3.99 4.7 3.42
1 3.25 2.04 2.96 3.39
1 4.72 3.56 2.93 3.25
1 4.27 2.28 2.23 2.58
1 3.87 3.26 3.26 2.86
1 2.94 2.86 3.05 3.52
1 3.87 4.77 2.73 3.19
1 3.91 3.84 3.57 3.65
1 5.43 3.65 3.18 2.98
1 3.65 2.89 3.94 2.3
1 3.53 3.37 2.75 2.89
1 3.24 2.44 3.75 3.67
1 4.09 2.78 3.18 3.31
1 4.85 2.76 3.78 2.82
1 3.45 3.37 3.34 3.84
1 3.67 3.03 2.27 2.09
1 4.05 3.41 3.04 3.75
1 3.4 3.31 2.57 2.01
1 4.05 3.12 3.85 3.12
1 4.88 3.33 3.67 4.07
1 4.1 4.24 3.98 3.24
1 3.93 1.97 2.7 3.15
1 4.22 4.1 3.45 3.52
1 4.48 4.07 2.69 4.08
1 2.72 3.29 3.63 3.55
1 3.91 2.58 4.1 3.42
1 3.55 3.09 2.41 3.33
1 4.2 3.31 2.85 3.91
1 5.13 3.22 3.01 3.53
1 4.02 2.54 3.33 3.57
1 4.39 3.28 3.22 2.89
1 4.42 3 3.2 2.68
1 3.67 2.06 2.87 2.9
1 4.64 4.37 4.33 3.04
1 4.35 3.67 3.13 3.05
1 5.18 3.35 4.64 4.65
1 4.51 2.74 2.71 3.15
1 3.79 2.91 4.25 2.26
1 3.51 3.67 4.33 4.14
1 5.29 4.07 3.54 4.39
1 4.57 4.54 3.25 3.37
1 3.67 2.4 3.09 3.44
1 2.6 2.3 1.84 1.42
1 4.49 3.28 3.32 2.76
1 3.68 3.68 2.36 3.15
1 3.09 2.41 3.49 3.05
1 3.41 2.42 2.54 2.37
1 3.86 3.87 3.7 4.81
1 4 2.65 3.28 2.84
1 4.44 2.7 2.95 2.59
1 3.47 3.72 2.85 3.36
1 3.21 2.91 3.16 3.27
1 4.23 2.84 3.21 2.74
1 5.26 3.63 4.54 3.88
1 3.67 3.78 3.29 2.53
1 3.76 4.19 4.42 3.42
1 3.5 2.57 2.46 3.33
1 3.73 2.07 2.75 3.17
1 4.1 2.37 1.97 3.16
1 4.64 2.57 2.8 3.79
1 3.9 3.5 2.97 4.41
1 4.98 3.17 4.48 2.82
1 3.75 3.54 3.47 3.19
1 4.92 3.01 4.25 3.82
1 4.27 3.37 2.69 3.01
1 3.62 2.79 3.14 2.71
1 3.97 3.83 3.08 3.11
1 4.72 3.38 3.33 3.59
1 5.18 2.19 2.93 4.13
1 4.25 3.33 2.89 3.14
1 4.72 3.35 3.56 2.74
1 3.81 3 2.53 2.77
1 2.56 1.74 3.01 2.87
1 3.09 2.68 2.86 2.86
1 5.67 4.81 3.95 4.58
1 4.09 3.71 4.05 3.71
1 3.26 1.74 2.09 2.02
1 4.46 3.03 2.94 1.78
1 5.05 2.65 4.03 2.58
1 4.59 3.44 2.46 2.15
1 3.75 4.18 3.49 3.26
1 4.04 3.06 3.77 2.91
1 4.64 3.53 3.42 3.54
1 4.24 2.69 3.09 3.09
1 3.94 3.24 4.02 3.09
1 4.25 4.25 4.35 3.85
1 3.86 2.73 3.36 3.57
1 4.71 3.55 3.38 3.64
1 4.25 3.16 3.16 3.83
1 4.63 3.43 3.2 2.99
1 4.66 4.08 4.6 3.74
1 2.91 3.82 3.14 2.98
1 5.38 3.48 2.95 4.63
1 3.74 3.7 3.38 4.11
1 3.05 3.91 3.67 3.15
1 3.07 3.31 2.08 3.22
1 5.13 2.66 3.67 2.84
1 4.27 4.16 3.74 3.4
1 3.33 3.74 3.9 3.11
1 3.36 3.09 3.94 2.37
1 3.36 3.64 3.29 3.77
1 3.3 2.62 3.09 4.2
1 3.4 3.52 2.96 2.82
1 3.44 3.36 2.68 2.58
1 3.58 3.29 2.43 2.38
1 2.68 2.59 2.26 1.27
1 3.04 3.8 2.21 2.38
1 4.64 2.21 2.83 3.11
1 3.79 2.87 3.44 3.09
1 5.1 2.83 3.06 3.62
1 3.23 3.48 3.21 3.02
1 4.26 3.66 3.44 4.54
1 2.71 3.52 2.92 2.19
1 3.45 1.82 2.08 2.06
1 3.06 2.45 2.48 3.04
1 5.25 3.15 3.43 3.97
1 3.47 0.63 2.62 1.83
1 3.17 1.92 1.9 3
1 3.31 3.62 3.56 3.01
1 3.76 3.54 2.98 3.83
1 4.05 2.05 2.56 2.87
1 4.54 3.77 3.15 2.54
1 3.34 3.76 3.29 3.92
1 6.05 4.97 4.15 3.98
1 3.74 3.05 2.53 3.49
1 4.54 2.64 2.3 3.61
1 3.65 2.99 2.71 2.98
1 4.89 3.78 3.8 3.09
1 3.64 2.84 3.33 2.8
1 3.34 2.5 3.2 3.03
1 4.64 3.04 3.38 3.79
1 3.5 3.43 3.17 2.9
1 3.47 2.95 2.7 3.47
1 3.98 2.98 3.1 2.21
1 4.63 3.95 2.78 3.22
1 3.9 3.61 3.47 4.03
1 5.68 4.12 3.7 4.37
1 3.38 3.71 2.57 3.07
1 3.86 2.46 2.94 2.23
1 5.27 4.19 2.92 3.76
1 3.29 3.5 2.91 3.37
1 4.46 3.83 2.25 4.69
1 2.96 3.11 4.27 1.39
1 3.32 3.16 1.49 1.34
1 3.84 2.69 2.93 3.58
1 3.55 3.51 3.17 2.79
1 3.68 4.43 3.78 3.34
1 4.65 4.12 3.89 3.29
1 3.55 3.91 2.89 3.31
1 3.8 3.82 2.46 4.75
1 4.78 3.55 3.68 2.45
1 3.99 1.91 3.17 3.09
1 4.01 3.7 3.44 2.54
1 3.42 3.31 3.06 2.58
1 3.61 3.01 3.67 3.31
1 4.82 3.44 3.79 3.55
1 3.92 2.7 3.42 2.92
2 -2.31 -2.11 -2.64 -3.11
2 -5.03 -3.65 -3.26 -3.44
2 -3.08 -3.52 -3.11 -3.89
2 -3.91 -3.74 -4.16 -3.79
2 -3.59 -3.3 -2.96 -2.28
2 -2.01 -1.68 -1.45 -1.69
2 -3.58 -3.32 -3.22 -2.39
2 -3.9 -2.7 -2.69 -3.5
2 -3.94 -2.53 -3.03 -2.4
2 -4.49 -3.5 -4.28 -2.98
2 -4.53 -4.19 -3.51 -3.37
2 -3.13 -3.57 -3.35 -2.17
2 -3.71 -3.11 -3.88 -2.53
2 -3.98 -3.01 -3.15 -3.46
2 -4.31 -3.16 -3.35 -3.38
2 -5.37 -4.34 -3.64 -4.34
2 -2.38 -2 -2.61 -2.63
2 -4.32 -3.7 -3.32 -3.55
2 -2.8 -2.13 -3.16 -3.02
2 -6.13 -4.09 -4.56 -4.81
2 -5.09 -3.98 -3.61 -2.82
2 -3.99 -3.95 -2.07 -3.02
2 -5.49 -4.28 -5.11 -5.42
2 -1.9 -1.97 -1.84 -1.62
2 -1.61 -0.79 -0.98 -0.66
2 -4.08 -3.97 -4.78 -4.54
2 -5.35 -4.29 -3.9 -3.33
2 -6.2 -3.78 -4.54 -5.15
2 -5.08 -3.31 -4.75 -5.05
2 -6 -5.25 -5.46 -4.46
2 -5.15 -4.01 -4.13 -3.59
2 -2.73 -2.92 -2.31 -2.76
2 -5.06 -3.98 -4.4 -2.94
2 -3.98 -2.97 -2.03 -3.78
2 -4.12 -3.08 -2.13 -3.57
2 -3.41 -2.78 -3.18 -2.85
2 -3.76 -4.61 -3.81 -3.07
2 -3.71 -2.41 -2.84 -2.84
2 -5.46 -5.2 -4.59 -4.62
2 -5.76 -3.92 -3.86 -4.08
2 -4.52 -4.02 -4.59 -4.4
2 -3.27 -1.64 -2.56 -2.26
2 -2.2 -1.28 -2.28 -1.5
2 -5.23 -2.77 -3.13 -4.07
2 -3.48 -3.6 -2.73 -2.43
2 -4.3 -2.47 -2.37 -1.73
2 -4.65 -3.04 -3.37 -4
2 -3.98 -2.82 -2.85 -3.15
2 -4.84 -3.59 -3.65 -3.59
2 -5.46 -3.37 -3.9 -3.83
2 -4.7 -4.13 -4.38 -4.4
2 -3.33 -2.68 -3.36 -3.3
2 -3.78 -4.11 -2.89 -3.64
2 -4.56 -3.2 -3.76 -2.91
2 -3.71 -2.97 -2.8 -3.49
2 -4.31 -1.98 -3.35 -3.8
2 -3.14 -3.3 -2.9 -2.84
2 -4.31 -2.15 -4.1 -3.16
2 -3.53 -2.77 -2.09 -2.72
2 -5.01 -3.78 -3.12 -3.57
2 -3.14 -3.79 -2.55 -1.75
2 -5.81 -4.48 -4.64 -4.73
2 -4.8 -2.9 -3.61 -4.01
2 -4.27 -3.04 -3.79 -4.37
2 -3.52 -3.57 -3 -3.95
2 -4.98 -4.09 -3.81 -3.67
2 -2.83 -1.98 -1.63 -2.18
2 -3.9 -2.84 -2.4 -3.16
2 -3.61 -4.29 -4.37 -4.39
2 -2.52 -2.71 -1.71 -2.65
2 -4.78 -2.57 -4.02 -3.16
2 -3.86 -3.62 -2.47 -2.69
2 -3.66 -3.15 -1.88 -2.83
2 -4.5 -2.79 -3.53 -2.34
2 -2.02 -1.75 -2.25 -2.2
2 -3.89 -4.71 -3.02 -3.22
2 -3.51 -3.09 -3.87 -2.78
2 -2.08 -2.33 -2.31 -1.3
2 -3.29 -2.21 -2.86 -2.07
2 -4.72 -2.23 -2.83 -3.91
2 -5.13 -4.01 -3.98 -3.36
2 -7.33 -6.04 -5.04 -5.75
2 -4.59 -3.73 -3.6 -2.86
2 -4.84 -3.15 -3.51 -3.43
2 -4.71 -4.51 -3.78 -4
2 -4.82 -3.16 -3.16 -2.76
2 -2.17 -2.1 -1.68 -0.77
2 -4.84 -3.84 -3.22 -4.65
2 -4.96 -4.16 -3.43 -4.1
2 -4 -2.42 -3.28 -4.59
2 -4.5 -3.31 -4.14 -4.7
2 -3.63 -2.36 -2.45 -2.87
2 -5.23 -4.07 -5.14 -4.31
2 -4.72 -3.57 -4.88 -4.52
2 -3.67 -3.85 -3.35 -2.7
2 -4.71 -4.8 -3.37 -4.46
2 -3.18 -2.62 -1.62 -1.73
2 -4.61 -2.76 -2.29 -3.53
2 -4.42 -3.06 -4.06 -4.02
2 -4.11 -3.72 -3.68 -3.58
2 -1.96 -1.25 -1.96 -1.52
2 -5.06 -3.8 -4.08 -4.06
2 -4.44 -3.72 -3.72 -3.09
2 -4.79 -3.03 -4.24 -4.22
2 -4.97 -4.88 -3.77 -3.36
2 -4.12 -3.1 -3.92 -3.58
2 -4.1 -2.97 -3.27 -4.15
2 -1.79 -2.34 -2.63 -1.84
2 -5.58 -5.07 -4.63 -4.46
2 -4.69 -3.79 -3.32 -3.7
2 -4.83 -4.22 -4.7 -3.86
2 -3.39 -3.36 -2.8 -2.94
2 -3.62 -3.71 -2.04 -2.99
2 -3.33 -2.79 -3.5 -3.07
2 -3.32 -2.97 -2.39 -2.5
2 -3.45 -3.6 -2.47 -2.65
2 -5.01 -2.82 -3.74 -3.72
2 -4.62 -2.79 -3.35 -2.86
2 -4.62 -4.83 -3.55 -5.31
2 -5.03 -4.74 -3.41 -4.15
2 -2.96 -2.46 -1.54 -1.43
2 -4.27 -2.8 -3.34 -2.72
2 -4.14 -3.32 -3.33 -3.43
2 -5.14 -2.79 -3.81 -4.75
2 -4.54 -4.4 -3.06 -3.56
2 -5.98 -5.41 -4.63 -4.39
2 -4.75 -4.05 -4.67 -2.61
2 -4.76 -2.97 -4.23 -5.38
2 -3.45 -3.67 -3.16 -4.72
2 -2.95 -2.66 -3.06 -1.51
2 -3.29 -1.97 -2.02 -2.55
2 -2.99 -4.14 -2.44 -3.27
2 -2.77 -2.41 -1.27 -2.28
2 -4.91 -2.89 -2.41 -3.38
2 -2.86 -2.75 -2.58 -1.41
2 -4.24 -4.48 -4.31 -5.53
2 -4.39 -3.63 -4.01 -3.55
2 -5.14 -2.39 -3.45 -3.86
2 -3.92 -2.55 -3.57 -3.53
2 -3.54 -2.84 -2.52 -2.08
2 -2.42 -3.43 -3.32 -3.13
2 -4.45 -4.26 -4.11 -3.51
2 -5.2 -5.15 -4.23 -4.47
2 -4.71 -2.88 -3.33 -2.96
2 -3.72 -3.36 -2.94 -2.66
2 -3.14 -2.56 -3.85 -2.94
2 -4.56 -3.82 -3.09 -2.72
2 -4.94 -4.19 -4.81 -4.8
2 -3.62 -3.03 -3.14 -2.49
2 -5 -3.37 -4.22 -3.46
2 -4.05 -3.6 -2.84 -3.13
2 -2.4 -3.23 -2.97 -1.72
2 -3.8 -2.84 -2.71 -3.33
2 -4.83 -4.13 -4.37 -4.79
2 -3.29 -2.26 -2.7 -2.84
2 -2.91 -3.41 -2.42 -1.3
2 -5.58 -3.82 -3.48 -3.4
2 -4.03 -2.48 -3 -2.88
2 -4.87 -3.53 -4.51 -3.94
2 -3.73 -3.87 -3.98 -2.76
2 -2.35 -2.12 -2.61 -1.9
2 -3.51 -3.2 -2.05 -2.67
2 -3.74 -2.94 -2.97 -2.94
2 -3.42 -2.01 -2.65 -2.9
2 -4.89 -4.37 -4.24 -4.94
2 -3.23 -2.75 -2.56 -4.05
2 -3.3 -3.42 -3.3 -3.55
2 -2.06 -1.94 -2.03 -2.36
2 -3.38 -2.35 -3.43 -3.58
2 -3.9 -2.96 -2.76 -3.38
2 -4.17 -2.84 -3.06 -2.94
2 -1.78 -1.59 -2.2 -1.42
2 -2.91 -2.24 -2.7 -2.87
2 -4.49 -3.3 -4.12 -2.97
2 -6.16 -3.25 -4.14 -4.14
2 -3.26 -3.02 -3.92 -2.78
2 -4.96 -4.18 -2.76 -3.96
2 -5.44 -3.66 -5.31 -3.49
2 -5.28 -3.71 -4.04 -4.59
2 -3.68 -3.21 -2.36 -2.84
2 -3.23 -1.02 -1.84 -1.09
2 -3.61 -2.78 -3.02 -2.9
2 -4.6 -3.1 -3.65 -3.48
2 -4.88 -3.04 -4.5 -4.2
2 -3.64 -3.75 -3.28 -3.16
2 -2.18 -2.14 -2.16 -2.51
2 -4.78 -3.36 -3.56 -3.96
2 -3.4 -1.71 -2.04 -1.67
2 -4.63 -3.28 -2.81 -3.15
2 -5.13 -3.33 -4.48 -4.56
2 -3.81 -4.43 -2.71 -2.28
2 -3.16 -3.31 -2.21 -3.02
2 -4.03 -3.52 -3.46 -2.42
2 -2.49 -2.12 -1.86 -2.37
2 -4.6 -4.2 -3.58 -4.54
2 -2.56 -1.65 -2.4 -2.13
2 -3.5 -3.73 -3 -2.16
2 -4.44 -3.8 -2.64 -3.61
2 -3.83 -3.55 -3.64 -2.93
2 -2.76 -3.83 -3.45 -2.31
2 -2.61 -3.75 -3.51 -3.03
2 -3.82 -2.93 -3.23 -3.73
2 -3.43 -2.84 -3.05 -3.98
2 -4.62 -4.68 -4.06 -3.45
2 -5.79 -3.32 -4.49 -4.17
2 -5.38 -3.3 -4.53 -4.22
2 -1.11 -0.31 -0.92 -0.94
2 -3.71 -3 -2.52 -2.37
2 -5.59 -5.12 -3.8 -5.54
2 -4.07 -4 -3.89 -4.21
2 -2.71 -2.44 -2.25 -2.92
2 -3.69 -3.7 -3.86 -4.22
2 -4.19 -3.51 -2.66 -3.13
2 -3.8 -3.42 -2.64 -2.78
2 -3.26 -2.34 -3.19 -2
2 -3.43 -3.08 -2.47 -1.6
2 -4.07 -3.38 -3.19 -3.45
2 -3.28 -1.68 -1.63 -2.8
2 -4.42 -3.57 -3.85 -3.06
2 -2.65 -2.14 -2.12 -1.61
2 -3.94 -2.87 -3.95 -3.76
2 -3.25 -3.8 -3.83 -2.81
2 -2.42 -1.14 -2.09 -3.22
2 -5.78 -3.44 -4.52 -3.88
2 -2.01 -1.76 -1.8 -1.96
2 -3.71 -2 -2.04 -2.49
2 -4.54 -2.14 -2.64 -2.57
2 -5.52 -4.14 -3.8 -4.49
2 -2.6 -2.33 -3.11 -3.05
2 -3.73 -2.41 -3.36 -2.63
2 -4.63 -2.65 -3.1 -2.75
2 -5.03 -3.15 -2.88 -3.75
2 -4.47 -2.72 -2.82 -2.35
2 -4.48 -3.26 -2.82 -2.66
2 -4.4 -4 -3.06 -2.49
2 -5.07 -3.37 -3.68 -4.31
2 -4.49 -3.25 -2.99 -3.17
2 -6.23 -4.73 -4.33 -4.68
2 -5.76 -4.75 -3.49 -4.4
2 -2.88 -2.8 -2.41 -2.64
2 -4.09 -2.77 -2.71 -3.37
2 -2.81 -2.98 -3.53 -3.19
2 -4.71 -3.13 -3 -3.57
2 -2.62 -1.62 -2.01 -1.07
2 -5.8 -3.43 -4.18 -5.19
2 -5.16 -4.61 -4.12 -4.42
2 -5.25 -4.31 -4.16 -3.15
2 -1.98 -2.81 -1.47 -1.23
2 -5.91 -5.92 -5.79 -5.78
2 -5.31 -3.78 -3.83 -4.32
2 -4.64 -3.72 -3.29 -2.96
2 -4.56 -4.47 -3.46 -3
2 -4.38 -3.72 -4.28 -4.3
2 -3.29 -3.77 -3.07 -3.53
2 -4.8 -3.49 -3.7 -4.02
2 -0.91 -1.32 -1.57 -0.93
2 -4.29 -2.45 -3.21 -3.52
2 -3.47 -2.69 -3.66 -2.43
2 -4.66 -4.61 -3.77 -4.6
2 -2.86 -2.74 -4.42 -3.94
2 -4.73 -4.43 -3.43 -3
2 -5.03 -3.68 -3.2 -3.73
2 -2.95 -2.57 -3.1 -1.79
2 -5.08 -3.89 -4.58 -4.42
2 -4.33 -3.04 -2.67 -3.41
2 -4.08 -3.05 -4.36 -3.34
2 -3.4 -3.29 -3.89 -3.75
2 -3.68 -2.76 -3.15 -2.93
2 -1.22 -1.63 -0.95 -1.4
2 -4.8 -4.36 -2.95 -3.51
2 -4.07 -2.52 -2.31 -3.19
2 -2.23 -2.15 -2.54 -3.3
2 -5.41 -4.4 -4.24 -4.79
2 -3.32 -3.3 -2.95 -3.69
2 -5.54 -4.65 -4.43 -3.83
2 -5.23 -4.2 -3.28 -4.95
2 -4.82 -4.49 -4.25 -3.94
2 -4.61 -2.2 -2.95 -3.52
2 -3.76 -2.06 -3.07 -1.96
2 -2.82 -1.79 -1.05 -1.43
2 -4.4 -3.64 -3.9 -4.15
2 -3.67 -3.25 -2.52 -1.51
2 -2.27 -2.04 -2.08 -0.45
2 -4.23 -3.56 -4.29 -3.16
2 -4.15 -4.19 -4.02 -3.55
2 -4.53 -3.23 -2.19 -3.67
2 -4.54 -4 -3.78 -3.58
2 -2.54 -2.41 -3.58 -2.66
2 -4.24 -3.31 -3.69 -2.82
2 -3.82 -2.46 -1.2 -1.44
2 -1.86 -1.47 -2.13 -2.66
2 -6.16 -4.13 -3.36 -4.63
2 -3.96 -4.23 -4.56 -3.74
2 -2 -2.7 -2.06 -2.37
2 -3.98 -3.47 -3.25 -4.29
2 -4.69 -3.71 -3.22 -4.03
2 -3.84 -2.99 -2.75 -2.92
2 -4.29 -3.36 -3.69 -4.49
2 -3.41 -3.2 -2.52 -2.1
2 -4.69 -4.64 -2.74 -4.52
2 -4.56 -4.28 -3.91 -3.57
2 -3.18 -3.34 -2.16 -3.24
2 -4.08 -3.58 -2.83 -3.78
2 -4.67 -2.83 -2.8 -2.88
2 -4.54 -3.56 -3.01 -3.56
2 -6.59 -5.73 -6.19 -4.63
2 -5.15 -3.79 -3.21 -3.35
2 -4.12 -4.32 -4.66 -4.29
2 -3.19 -3.92 -3.97 -2.95
2 -3.9 -2.78 -2.32 -1.97
2 -4.59 -4.1 -3.42 -4.41
2 -2.46 -0.48 -1.47 -1.65
2 -3.19 -3.25 -3.42 -2.84
2 -5.46 -4.46 -3.67 -3.97
2 -4.12 -2.49 -1.56 -2.39
2 -4.54 -3.94 -3.63 -3.04
2 -6.27 -5.99 -3.89 -5.41
2 -4.35 -3.62 -3.19 -4.45
2 -3.11 -2.75 -3.07 -3.42
2 -5.19 -4.15 -3.94 -3.79
2 -1.41 -2.59 -2.22 -1.61
2 -4.38 -3.12 -3.14 -2.74
2 -5.85 -6.14 -5.99 -4.93
2 -3.39 -2.58 -2.95 -1.83
2 -5.13 -5.47 -4.42 -4.47
2 -4.26 -2.75 -2.85 -3.33
2 -2.12 -1.28 -1.79 -1.47
2 -4.79 -3 -3.71 -4
2 -5.48 -4.3 -4.12 -4.32
2 -4.36 -4.51 -4.12 -4.12
2 -7 -3.89 -4.74 -5.04
2 -5.32 -4 -4.4 -3.37
2 -3.39 -3.52 -3.65 -2.85
2 -4.04 -3.79 -3.42 -2.91
2 -5.66 -5.83 -4.39 -4.68
2 -4.42 -2.93 -3.3 -3.81
2 -2.03 -2.7 -2.39 -1.6
2 -3.37 -3.44 -2.23 -2.59
3 9.47 7.29 6.22 6.73
3 7.14 6.06 5.97 6.06
3 8.86 6.36 6.16 6.92
3 8.28 5.32 6.69 6.55
3 8.22 7.11 7.13 6.12
3 9.51 7.89 7.64 8.52
3 8.34 6.21 5.94 7.09
3 8.17 6.32 5.29 6.44
3 7.94 6.1 6.79 7.01
3 7.63 5.35 6.48 5.37
3 7.58 6.63 6.37 6.31
3 8.69 6.36 6.61 7.39
3 8.29 5.7 6.39 6.55
3 8.08 6.38 6.28 6.38
3 7.75 6.97 6.89 7.5
3 6.92 5.83 5.99 4.33
3 9.24 6.24 7 6.89
3 7.84 5.64 4.95 5.58
3 9.06 7.32 6.69 6.97
3 6.24 5.52 5.85 5.08
3 7.06 6.49 6.37 6.78
3 7.91 6.47 6.97 5.75
3 6.84 6.07 5.03 5.11
3 9.82 7.18 7.26 6.41
3 9.74 8.38 9.08 6.5
3 8.26 5.62 5.27 4.69
3 6.8 5.7 5.88 6.41
3 6.04 5.6 5.38 6.43
3 7.3 5.68 5.69 4.69
3 6.54 6.06 4.94 5.53
3 7.06 6.22 5.82 6.57
3 9.05 7.81 7.23 7.88
3 7.25 5.9 4.26 5.54
3 7.9 5.6 6.56 6.14
3 7.82 6.12 6.2 6.58
3 8.54 6.95 6.35 6.88
3 8.24 6.28 6.33 6.34
3 8 7.21 7.94 6.69
3 7.05 6.14 6.03 4.67
3 6.42 6.78 7.15 6.67
3 7.72 6.7 5.1 5.43
3 8.51 6.63 7.34 6.76
3 9.48 7.06 7.35 7.96
3 7 6.38 6.43 5.91
3 8.41 6.56 6.86 6.69
3 7.6 6.58 6.74 7.29
3 7.35 6.18 6.23 5.6
3 8.09 6.37 6.6 6.83
3 7.34 6.03 5.46 6.82
3 6.63 6.65 6.67 6.67
3 7.53 6.34 6.35 6.15
3 8.62 6.26 7.99 6.92
3 8.35 5.69 5.55 6.11
3 7.58 6.82 7 6.49
3 8.38 5.36 6.17 6.97
3 7.77 4.85 6.39 6.69
3 8.72 6.41 5.04 7.42
3 7.66 7.34 6.23 6.68
3 8.33 7.01 6.84 6.33
3 7.23 5.1 6.34 4.71
3 8.52 6.98 6.77 7.86
3 6.52 4.81 5.22 5.69
3 7.14 5.63 6.32 6.47
3 7.84 5.34 6.71 5.87
3 8.46 6.4 6.19 6.09
3 7.17 5.68 5.87 6.26
3 8.72 7.07 8.36 7.57
3 8.16 6.08 5.89 6.21
3 8.65 5.94 5.39 5.56
3 9.28 6.55 7.23 7.48
3 7.29 7.24 6.36 5.79
3 8.16 5.51 4.66 5.73
3 8.21 5.86 6.75 5.9
3 7.48 5.68 6.36 5.93
3 9.57 7.45 7.71 7.57
3 8.05 5.89 7.84 5.92
3 8.46 6.96 6.32 5.71
3 9.62 7.96 6.26 7.31
3 8.5 6.55 6.23 6.05
3 7.39 5.4 6.31 6.07
3 7.08 5.99 4.87 6.12
3 5.29 5.41 4.94 5.72
3 7.37 6.87 5.99 7.03
3 7.2 5.8 6.59 5.41
3 7.38 7.2 5.91 6.25
3 7.17 6.18 7.81 5.78
3 9.33 8.16 7.8 7.72
3 7.45 5.68 6.05 5.69
3 7.25 6.52 5.65 6.13
3 8.19 5.95 6.67 5.77
3 7.59 5.89 5.38 6.42
3 8.21 7.02 6.22 6.73
3 6.97 6 5.48 5.7
3 7.63 4.83 5.74 5.37
3 8.28 6.55 6.82 5.62
3 7.61 6.28 5.57 6.19
3 8.5 6.66 7.6 7.43
3 7.3 7.18 6.59 6.52
3 7.64 5.82 5.82 5.83
3 8.03 5.84 7 5.41
3 9.56 8.32 6.91 7.43
3 7.13 5.94 6.45 5.73
3 7.59 6.59 6.73 7.61
3 7.46 5.28 6.14 6.07
3 7.36 5.49 4.94 6.16
3 8.01 6.61 6.32 5.6
3 7.95 6 6.34 5.4
3 10.04 5.93 6.4 6.44
3 6.79 5.6 4.47 5.49
3 7.57 5.3 5.98 5.06
3 7.51 4.87 5.26 5.47
3 8.54 6.41 5.89 6.02
3 8.22 7 7.86 6.56
3 8.6 6.75 6.76 6.72
3 8.5 6.19 6.37 6.76
3 8.46 6.38 6.07 7.35
3 7.2 6.07 5.35 5.9
3 7.31 6.65 6.77 6.1
3 7.74 4.7 5.64 5.05
3 7.28 6.55 6.58 5.39
3 8.64 6.39 6.68 6.95
3 7.67 7.28 6.25 6.04
3 7.94 7 6.09 6.71
3 7.02 6.04 7.01 5.38
3 7.62 5.45 5.64 4.87
3 6.62 4.22 4.73 4.67
3 7.48 6.38 6.15 5.59
3 7.48 5.63 4.66 6.13
3 8.58 6.01 5.86 6.51
3 8.8 7.41 7.56 7.1
3 8.42 7.77 6.88 7
3 8.94 7.34 6.11 6.32
3 8.84 6.44 7.33 6.75
3 7.17 6.27 7.14 5.36
3 8.93 7.35 7.21 7.07
3 8.02 5.04 5.25 5.84
3 7.74 6.63 5.64 7.34
3 6.9 6.96 5.4 6.49
3 7.97 6.43 5.86 6.2
3 8.18 7.68 7.31 7.36
3 9.5 6.28 6.11 6.24
3 7.6 7.39 6.9 5.43
3 7.17 5.08 4.93 5.48
3 7.26 5.81 6.45 6.84
3 8.18 6.58 6.26 6.18
3 8.86 6.56 6.89 5.84
3 7.44 6.5 6.15 6.43
3 7.37 6.46 4.48 4.8
3 8.22 6.23 6.99 6.76
3 7.2 7.03 6.19 5.18
3 8 5.85 6.43 6.1
3 9.24 8 6.08 7.57
3 8.15 6.31 6.39 7.11
3 7.55 6.29 6.13 5.7
3 8.46 5.94 7.34 6.43
3 8.78 6.99 6.35 7.98
3 6.57 5.73 6.29 6.1
3 7.94 6.63 5.72 5.77
3 7.34 6.47 6.36 5.8
3 8.24 5.42 7.42 5.48
3 9.39 6.79 6.75 7.36
3 8.25 7.1 7.21 6.27
3 8.33 6.83 5.48 5.68
3 8.5 6.96 6.64 6.44
3 7.39 5.38 6.4 6.2
3 8.7 7.03 6.3 6.46
3 8.52 7.04 6.66 6.45
3 9.56 7.69 7.43 6.93
3 8.56 6.61 6.67 6.73
3 7.95 6.28 6.92 6.51
3 7.67 6.84 7.96 7.53
4 1.91 0.8 0.98 0.1
4 -1.19 0.18 -1.49 -1.23
4 0.97 -0.32 1.11 -0.23
4 -0.09 -0.45 -1.7 -0.55
4 0.61 0.5 1.52 1.09
4 2.47 1.74 2.72 1.88
4 0.5 0.46 0.34 0.75
4 0.02 -0.12 -0.84 -0.29
4 0.19 0.5 -0.23 0.06
4 -0.6 0.21 0.06 0.48
4 -0.64 -0.71 -0.62 -1.06
4 1.05 0.59 0.4 1.21
4 0.29 -0.97 0.44 0.4
4 -0.03 -0.36 0.46 0.11
4 -0.36 -0.26 0.54 -0.9
4 -1.66 -1.02 -2.06 -0.93
4 2 2.14 1.59 1.58
4 -0.47 -1.08 -0.18 -1.03
4 1.34 1.07 -0.18 -0.47
4 -2.49 -1.21 -0.93 -1.29
4 -1.23 -0.35 0.08 -0.91
4 0.11 0.91 0.19 -0.29
4 -1.81 -1.3 -0.68 -0.23
4 2.38 1.55 0.83 1.31
4 3.04 3.01 3.73 2.16
4 -0.43 -1.89 -1.81 -1.91
4 -1.51 -1.44 -1.27 -1.16
4 -2.45 -0.61 -1.01 -0.76
4 -1.46 -1.46 -1.38 -1.4
4 -2.54 -2.34 -2.05 -1.24
4 -1.35 -1.47 -0.04 -1.51
4 1.5 1.15 0.34 0.62
4 -1.36 -0.9 -0.11 -1.35
4 0.15 0.11 0.06 1.49
4 -0.05 0.34 0.99 -0.12
4 0.63 -0.43 -0.05 -0.06
4 0.23 -0.77 0.79 0.29
4 0.58 1.64 0.1 -0.01
4 -1.98 -2.53 -2.21 -2.53
4 -1.94 -1.42 -1.03 -0.14
4 -0.75 -0.83 -0.78 -1.15
4 0.96 1.6 1.47 0.44
4 2.13 1.44 0.25 1.3
4 -1.47 -2.02 -1.18 0
4 0.63 0.04 0.57 0.74
4 -0.2 0.98 0.98 -0.13
4 -0.65 0 0.37 -0.46
4 -0.05 0.16 -0.62 -1.18
4 -1.03 -0.92 -0.27 -1.53
4 -1.54 0.12 -0.1 -0.08
4 -0.94 -0.85 -0.58 -1.41
4 0.72 0.6 0.27 0.81
4 0.09 -0.47 -1.01 -1.11
4 -0.71 -0.91 -0.53 -0.59
4 0.2 -0.59 -1.08 -0.73
4 -0.4 -0.13 -0.35 0.15
4 0.99 1.52 0.19 0.32
4 -0.28 0.44 0.85 -1.06
4 0.61 1.42 0.82 0.74
4 -1.26 -0.73 -0.89 -0.69
4 1.21 0.28 0.73 1.53
4 -2.13 -1.72 -2.23 -2.47
4 -0.74 0.69 0.33 0.11
4 -0.38 -0.56 -0.08 0.19
4 0.51 0.22 0.33 0.44
4 -1.14 0.37 -0.82 -1.39
4 1.62 2.62 1.79 2.06
4 0.03 0.59 -0.27 -1.02
4 0.14 -1.33 -0.4 -0.56
4 1.69 0.69 1.11 1.75
4 -0.86 0.24 -0.62 -0.57
4 0.11 -0.19 -1.17 0.15
4 0.48 0.49 0.51 -0.22
4 -0.48 -0.12 0.43 0.14
4 2.39 1.77 1.95 2.32
4 0.16 0.29 0.54 -0.04
4 0.51 0.56 -0.49 -0.05
4 2.22 1.71 1.4 1.32
4 0.92 0.58 1.93 0.96
4 -0.82 -0.83 -0.74 -0.28
4 -1.34 -0.06 -0.97 0.34
4 -3.94 -3.29 -2.91 -2.68
4 -0.55 -1.18 0.37 0.23
4 -0.87 -0.46 -0.29 0.25
4 -0.79 0.51 -0.43 0.24
4 -0.82 0.29 0.3 -0.74
4 2.33 1.29 0.61 2.97
4 -1.13 -1.39 -1.28 -0.64
4 -1.18 -1.68 -1.21 -0.65
4 -0.2 -1.7 -0.94 -0.48
4 -0.6 -1.17 -0.44 -1.12
4 0.53 0.58 1.49 0.8
4 -1.43 -1.15 0.07 -0.23
4 -1.07 -1.81 -0.22 -1.25
4 0.37 0.03 -0.56 0.29
4 -1.03 -1.13 -0.88 -0.05
4 1.14 0.94 1.45 -0.1
4 -0.53 1.35 0.93 -0.09
4 -0.47 -1.05 -0.02 -0.66
4 -0.26 -1.45 -0.49 -0.35
4 2.51 1.12 1.74 1.46
4 -1.24 -0.68 -0.38 -0.01
4 -0.46 -0.73 -0.59 -0.98
4 -1.03 -0.49 -0.51 -1.49
4 -1.3 -0.48 -0.79 -1.98
4 -0.24 -0.85 0.98 -1.97
4 -0.15 -0.94 -0.74 -1.08
4 2.37 0.75 1.61 1.04
4 -1.96 -1.01 -1.52 -0.9
4 -0.94 -0.65 -0.82 -1.81
4 -1.17 -1.87 -3.04 -0.91
4 0.69 1.31 0.06 0.96
4 0.54 0.42 0.76 1.59
4 0.74 0.83 0.8 0.15
4 0.85 0.67 0.25 0.15
4 0.65 1 -0.04 0.4
4 -1.23 -0.84 -1.08 -0.48
4 -0.55 -0.01 0.86 0.22
4 -0.99 -1.23 -1.73 -1.86
4 -1.34 -1.16 -1.4 -1.73
4 1.44 0.86 2.46 2.29
4 -0.21 0.28 -0.1 -0.17
4 -0.22 0.34 -0.7 -0.48
4 -1.3 -1.16 -0.31 0.13
4 -0.71 -0.07 -0.52 -0.58
4 -2.58 -2.85 -4.08 -2.36
4 -0.98 -1.12 -0.88 -0.26
4 -1 -0.18 -1.06 -1.75
4 0.51 -0.15 0.2 0.47
4 1.29 1.22 2.28 1.83
4 1 0.63 1.02 1.63
4 1.08 0.16 -0.58 0.6
4 1.62 2.08 0.91 1.98
4 -0.99 -0.61 -0.17 -0.31
4 1.35 -0.04 -0.2 1.27
4 -0.5 -0.92 -1.01 -0.24
4 -0.51 -1 -1.03 -0.03
4 -1.18 -0.89 0.1 0.52
4 0.18 0.25 0.14 0.62
4 0.74 1.32 2.52 0.71
4 1.65 0.46 0.47 -0.83
4 -0.5 -0.83 0.13 0.43
4 -1.56 -1.7 -1.69 -1.39
4 -0.69 0.28 0.85 0.03
