[[init]]
iterators = cond;
cond = 1:108;

sample#cond = 

500 500 500 500 500 500 500 500 500 500 500 500 500 500 500 500 500 500 500 500 500 500 500 500 500 500 500 

500 500 500 500 500 500 500 500 500 500 500 500 500 500 500 500 500 500 500 500 500 500 500 500 500 500 500 

500 500 500 500 500 500 500 500 500 500 500 500 500 500 500 500 500 500 500 500 500 500 500 500 500 500 500 

1000 1000 1000 1000 1000 1000 1000 1000 1000 1000 1000 1000 1000 1000 1000 1000 1000 1000 1000 1000 1000 1000 1000 1000 1000 1000 1000;




l2#cond = 
50 50 50 50 50 50 50 50 50 50 50 50 50 50 50 50 50 50 50 50 50 50 50 50 50 50 50 

25 25 25 25 25 25 25 25 25 25 25 25 25 25 25 25 25 25 25 25 25 25 25 25 25 25 25 

100 100 100 100 100 100 100 100 100 100 100 100 100 100 100 100 100 100 100 100 100 100 100 100 100 100 100 

50 50 50 50 50 50 50 50 50 50 50 50 50 50 50 50 50 50 50 50 50 50 50 50 50 50 50;




l1#cond = 
10 10 10 10 10 10 10 10 10 10 10 10 10 10 10 10 10 10 10 10 10 10 10 10 10 10 10 

20 20 20 20 20 20 20 20 20 20 20 20 20 20 20 20 20 20 20 20 20 20 20 20 20 20 20 

5 5 5 5 5 5 5 5 5 5 5 5 5 5 5 5 5 5 5 5 5 5 5 5 5 5 5 

20 20 20 20 20 20 20 20 20 20 20 20 20 20 20 20 20 20 20 20 20 20 20 20 20 20 20;




gamma#cond = 
1 1 1 1 1 1 1 1 1 2 2 2 2 2 2 2 2 2 3.5 3.5 3.5 3.5 3.5 3.5 3.5 3.5 3.5 

1 1 1 1 1 1 1 1 1 2 2 2 2 2 2 2 2 2 3.5 3.5 3.5 3.5 3.5 3.5 3.5 3.5 3.5 

1 1 1 1 1 1 1 1 1 2 2 2 2 2 2 2 2 2 3.5 3.5 3.5 3.5 3.5 3.5 3.5 3.5 3.5 

1 1 1 1 1 1 1 1 1 2 2 2 2 2 2 2 2 2 3.5 3.5 3.5 3.5 3.5 3.5 3.5 3.5 3.5;


beta#cond = 
0.1 0.1 0.1 0.3 0.3 0.3 0.5 0.5 0.5 0.1 0.1 0.1 0.3 0.3 0.3 0.5 0.5 0.5 0.1 0.1 0.1 0.3 0.3 0.3 0.5 0.5 0.5 

0.1 0.1 0.1 0.3 0.3 0.3 0.5 0.5 0.5 0.1 0.1 0.1 0.3 0.3 0.3 0.5 0.5 0.5 0.1 0.1 0.1 0.3 0.3 0.3 0.5 0.5 0.5 

0.1 0.1 0.1 0.3 0.3 0.3 0.5 0.5 0.5 0.1 0.1 0.1 0.3 0.3 0.3 0.5 0.5 0.5 0.1 0.1 0.1 0.3 0.3 0.3 0.5 0.5 0.5 

0.1 0.1 0.1 0.3 0.3 0.3 0.5 0.5 0.5 0.1 0.1 0.1 0.3 0.3 0.3 0.5 0.5 0.5 0.1 0.1 0.1 0.3 0.3 0.3 0.5 0.5 0.5;


a2#cond = 
0 0.25 0.5 0 0.25 0.5 0 0.25 0.5 0 0.25 0.5 0 0.25 0.5 0 0.25 0.5 0 0.25 0.5 0 0.25 0.5 0 0.25 0.5 

0 0.25 0.5 0 0.25 0.5 0 0.25 0.5 0 0.25 0.5 0 0.25 0.5 0 0.25 0.5 0 0.25 0.5 0 0.25 0.5 0 0.25 0.5 

0 0.25 0.5 0 0.25 0.5 0 0.25 0.5 0 0.25 0.5 0 0.25 0.5 0 0.25 0.5 0 0.25 0.5 0 0.25 0.5 0 0.25 0.5 

0 0.25 0.5 0 0.25 0.5 0 0.25 0.5 0 0.25 0.5 0 0.25 0.5 0 0.25 0.5 0 0.25 0.5 0 0.25 0.5 0 0.25 0.5;


seed#cond = 
709924 617589 531268 311486 800218 776164 406231 317399 364313 519592 303342 413769 885453 43315 10017 746985 543079 482562 78818 907030 66380 911619 569581 857054 896418 25315 667439 

509163 144359 426832 896815 242140 875174 580589 68895 173269 322081 455953 52633 917079 31353 697373 97944 377437 777297 192070 921969 655386 119447 308953 934155 401109 801027 212651 

568416 24459 453385 254445 54797 298390 541649 841562 583731 765208 181399 672470 132902 455550 594178 285252 939996 310507 284919 99009 108484 882238 924570 326910 779470 692728 475166 

859610 899025 200589 507731 526642 177449 503358 149914 890280 18858 619679 6742 826547 193939 748119 229758 1682 988147 336460 226091 587487 124598 606141 27636 320993 666271 656709;


filename = "condition_[[cond]]_generation.inp";
outputDirectory = "E:\Moonunit Zappa\MLTA\2019_Rerun\Condition [[cond]]";
[[/init]]


TITLE:  Obligatory BS title;

  MONTECARLO:
    	NAMES = u1-u10 u21-u30;
      GENERATE = u1-u10 u21-u30 (1);
      CATEGORICAL = u1-u10 u21-u30;
    	GENCLASSES = c1(2) c2(2);
    	CLASSES = c1(2) c2(2);
    	NOBSERVATION = [[samp#cond]];
    	ncsizes = 1;
    	csizes = [[l2#cond]] ([[l1#cond]]);
    	NREPS = 100;
      seed=[[seed#cond]];
      save = condition[[cond]]_rep*.dat;
      repsave = ALL;
  ANALYSIS:
    	TYPE=TWOLEVEL MIXTURE;
      STARTS = 20 2;
  MODEL POPULATION:
        %WITHIN%
    	%OVERALL%
   c2#1 ON c1#1*[[gamma#cond]]; ! log([c22/c12]/[c21/c11]);
       [ c1#1*-.16 ]; !time 1 logit
       [ c2#1*.847]; ! time 2 logit within class 2 at time1;

  %BETWEEN%
    	%OVERALL%
    	c2#1 on c1#1*[[beta#cond]];

       c1#1*2;
       c2#1*[[a2#cond]];

  MODEL POPULATION-c1:
  %BETWEEN%
    	%c1#1%
    	 [u1$1*-.847] (1);
    	 [u2$1*-.847] (2);
    	 [u3$1*-.847] (3);
    	 [u4$1*-.847] (4);
       [u5$1*-.847] (5);
    	 [u6$1*.847] (6);
    	 [u7$1*.847] (7);
    	 [u8$1*.847] (8);
    	 [u9$1*.847] (9);
      [u10$1*.847] (10);


      %c1#2%
    	 [u1$1*0.847] (11);
    	 [u2$1*.847] (12);
    	 [u3$1*.847] (13);
    	 [u4$1*.847] (14);
       [u5$1*.847] (15);
    	 [u6$1*-.847] (16);
    	 [u7$1*-.847] (17);
    	 [u8$1*-.847] (18);
    	 [u9$1*-.847] (19);
      [u10$1*-.847] (20);


  MODEL POPULATION-c2:
  %BETWEEN%
      %c2#1%
    	 [u21$1*-.847] (1);
    	 [u22$1*-.847] (2);
    	 [u23$1*-.847] (3);
    	 [u24$1*-.847] (4);
       [u25$1*-.847] (5);
    	 [u26$1*.847] (6);
    	 [u27$1*.847] (7);
    	 [u28$1*.847] (8);
    	 [u29$1*.847] (9);
      [u30$1*.847] (10);


      %c2#2%
    	 [u21$1*.847] (11);
    	 [u22$1*.847] (12);
    	 [u23$1*.847] (13);
    	 [u24$1*.847] (14);
       [u25$1*.847] (15);
    	 [u26$1*-.847] (16);
    	 [u27$1*-.847] (17);
    	 [u28$1*-.847] (18);
    	 [u29$1*-.847] (19);
      [u30$1*-.847] (20);


  OUTPUT: TECH9;