1
 0.13107231E+00  0.18730720E+01  0.93480128E-02 -0.87369387E+00 -0.80519583E+00 -0.85026463E+00 -0.85694165E+00 -0.87160169E+00  0.88897997E+00  0.83485923E+00
 0.82709186E+00  0.87664928E+00  0.89980540E+00  0.83158893E+00  0.77696846E+00  0.82915660E+00  0.90474647E+00  0.84538664E+00 -0.78279239E+00 -0.88232221E+00
-0.86900285E+00 -0.85740709E+00 -0.81955215E+00  0.97826611E-01  0.86446838E+00  0.10318570E+01
 0.46267605E-01  0.29645962E+00  0.27678504E-01  0.34623046E-01  0.27959071E-01  0.32556094E-01  0.27157996E-01  0.29288270E-01  0.28743763E-01  0.30348930E-01
 0.26811414E-01  0.29321603E-01  0.30755806E-01  0.41625674E-01  0.48447946E-01  0.43079010E-01  0.40432482E-01  0.45318899E-01  0.38807697E-01  0.44460860E-01
 0.37566602E-01  0.46612280E-01  0.38858527E-01  0.14269955E+00  0.65874756E-01  0.12085926E+00
-0.64565804E+05  0.10080558E+01  0.26000000E+02  0.12918361E+06  0.12935306E+06  0.12927044E+06  0.74740455E+00  0.11124740E-01
2
 0.83215910E-01  0.15512774E+01  0.45041163E-04 -0.86709851E+00 -0.83503036E+00 -0.80315243E+00 -0.87939821E+00 -0.85549331E+00  0.79731124E+00  0.87695375E+00
 0.84062686E+00  0.87435914E+00  0.88739361E+00  0.87037892E+00  0.82339461E+00  0.84114339E+00  0.82445479E+00  0.87180568E+00 -0.89490217E+00 -0.93143227E+00
-0.87040709E+00 -0.88564169E+00 -0.86022311E+00 -0.21500266E+00  0.78461245E+00  0.11101299E+01
 0.35962012E-01  0.23952257E+00  0.45739313E-04  0.33585556E-01  0.31969297E-01  0.30253515E-01  0.29877502E-01  0.36576411E-01  0.29005025E-01  0.30539814E-01
 0.31067649E-01  0.29292548E-01  0.32900978E-01  0.39137866E-01  0.36990948E-01  0.34926557E-01  0.38743892E-01  0.36789010E-01  0.37777618E-01  0.37162511E-01
 0.34668885E-01  0.39078943E-01  0.41391978E-01  0.13159874E+00  0.54111502E-01  0.10142240E+00
-0.64635694E+05  0.90209670E+00  0.26000000E+02  0.12932339E+06  0.12949283E+06  0.12941022E+06  0.74766097E+00  0.14716992E-06
3
 0.14673673E+00  0.19047777E+01  0.29607407E-03 -0.83899083E+00 -0.78850141E+00 -0.82923729E+00 -0.84714567E+00 -0.82432622E+00  0.85321359E+00  0.83483099E+00
 0.83839404E+00  0.86697850E+00  0.83942695E+00  0.81045680E+00  0.86084922E+00  0.82553301E+00  0.86525921E+00  0.93009390E+00 -0.88376563E+00 -0.82218191E+00
-0.89113140E+00 -0.88585905E+00 -0.83684167E+00 -0.23099484E+00  0.90414312E+00  0.89101366E+00
 0.35230039E-01  0.34279890E+00  0.31400339E-02  0.31957078E-01  0.29277596E-01  0.30545771E-01  0.32015120E-01  0.28966799E-01  0.30975121E-01  0.29805740E-01
 0.31619813E-01  0.31265543E-01  0.33925259E-01  0.38455584E-01  0.40836233E-01  0.35442117E-01  0.35268413E-01  0.45946232E-01  0.34477660E-01  0.43095054E-01
 0.33113593E-01  0.39963839E-01  0.39864372E-01  0.14678821E+00  0.63970333E-01  0.11195036E+00
-0.64759600E+05  0.94154290E+00  0.26000000E+02  0.12957120E+06  0.12974065E+06  0.12965803E+06  0.74595389E+00  0.57125175E-03
4
 0.44359979E-01  0.28843911E+01  0.62325659E-03 -0.88652433E+00 -0.87108163E+00 -0.89113679E+00 -0.83071376E+00 -0.83421271E+00  0.84551926E+00  0.85500479E+00
 0.84973947E+00  0.83786115E+00  0.90612835E+00  0.84761401E+00  0.93564003E+00  0.84374693E+00  0.85018681E+00  0.83954510E+00 -0.78671644E+00 -0.84887008E+00
-0.83250575E+00 -0.82792671E+00 -0.90323210E+00 -0.13379479E+00  0.74898552E+00  0.12354717E+01
 0.29111729E-01  0.43686652E+00  0.23262630E-02  0.28139006E-01  0.34464219E-01  0.32156377E-01  0.33137728E-01  0.33437511E-01  0.27014027E-01  0.26521170E-01
 0.29239505E-01  0.32148768E-01  0.32586935E-01  0.41875397E-01  0.37380899E-01  0.40535080E-01  0.38408245E-01  0.44764030E-01  0.42032698E-01  0.38432586E-01
 0.41223657E-01  0.44429216E-01  0.37183902E-01  0.18118220E+00  0.60490915E-01  0.12392562E+00
-0.64395686E+05  0.97593325E+00  0.26000000E+02  0.12884337E+06  0.12901282E+06  0.12893020E+06  0.76249955E+00  0.90241149E-03
5
 0.93113858E-01  0.20330542E+01  0.16760510E-03 -0.86271273E+00 -0.88559639E+00 -0.81461242E+00 -0.83901166E+00 -0.85983763E+00  0.87271203E+00  0.85274007E+00
 0.81262475E+00  0.78954705E+00  0.86571338E+00  0.85050797E+00  0.79171866E+00  0.85311653E+00  0.83455633E+00  0.82504633E+00 -0.92155441E+00 -0.84125955E+00
-0.77702017E+00 -0.75430064E+00 -0.83369035E+00 -0.12923981E+00  0.90966886E+00  0.97107360E+00
 0.44047329E-01  0.35760257E+00  0.49968022E-03  0.28738099E-01  0.33268284E-01  0.30057005E-01  0.30208975E-01  0.27679654E-01  0.32208299E-01  0.28840760E-01
 0.27037114E-01  0.26248427E-01  0.24869203E-01  0.49725507E-01  0.45805427E-01  0.40553881E-01  0.43361586E-01  0.39552773E-01  0.44031373E-01  0.43862229E-01
 0.37815978E-01  0.47771664E-01  0.44659881E-01  0.15165699E+00  0.67597173E-01  0.13077707E+00
-0.64770897E+05  0.10023096E+01  0.26000000E+02  0.12959379E+06  0.12976324E+06  0.12968062E+06  0.74280760E+00  0.23724952E-03
6
 0.12153155E+00  0.15987523E+01  0.23056200E-01 -0.87168143E+00 -0.90362912E+00 -0.83738987E+00 -0.82794365E+00 -0.91163893E+00  0.86565405E+00  0.84477698E+00
 0.81772995E+00  0.86018055E+00  0.81774195E+00  0.76019874E+00  0.85032059E+00  0.86241322E+00  0.84501507E+00  0.86875377E+00 -0.83578474E+00 -0.90504774E+00
-0.79479068E+00 -0.81902657E+00 -0.81371544E+00 -0.11663584E+00  0.88560085E+00  0.10194748E+01
 0.41880234E-01  0.27927779E+00  0.31646380E-01  0.30608421E-01  0.34987843E-01  0.32738817E-01  0.26811903E-01  0.30448960E-01  0.29011844E-01  0.26150596E-01
 0.29523528E-01  0.30490530E-01  0.35563676E-01  0.36064119E-01  0.41010185E-01  0.41696373E-01  0.43485333E-01  0.40256692E-01  0.42155192E-01  0.36395696E-01
 0.40520962E-01  0.40781608E-01  0.42655081E-01  0.13560518E+00  0.67582317E-01  0.11842794E+00
-0.64713998E+05  0.10027849E+01  0.26000000E+02  0.12948000E+06  0.12964944E+06  0.12956682E+06  0.74249033E+00  0.18362492E-01
7
 0.10867442E+00  0.17489197E+01  0.62185055E-08 -0.85391874E+00 -0.87329629E+00 -0.86178923E+00 -0.84569820E+00 -0.83558961E+00  0.89212022E+00  0.83226442E+00
 0.88159154E+00  0.82601909E+00  0.89575941E+00  0.80601657E+00  0.85542420E+00  0.90372956E+00  0.89723207E+00  0.90308765E+00 -0.83683022E+00 -0.82405606E+00
-0.81153172E+00 -0.77204915E+00 -0.84597850E+00 -0.35764778E-01  0.91765924E+00  0.98501914E+00
 0.36741891E-01  0.28759609E+00  0.73496918E-08  0.30169044E-01  0.29805746E-01  0.31315787E-01  0.27884110E-01  0.29266946E-01  0.28892035E-01  0.33912423E-01
 0.30571405E-01  0.26320026E-01  0.27892801E-01  0.39092778E-01  0.41975235E-01  0.49306901E-01  0.48359812E-01  0.45351167E-01  0.44107174E-01  0.41120149E-01
 0.41446945E-01  0.40119312E-01  0.41783176E-01  0.13975641E+00  0.62235327E-01  0.12358016E+00
-0.64564008E+05  0.95984338E+00  0.26000000E+02  0.12918002E+06  0.12934946E+06  0.12926685E+06  0.74942309E+00  0.18407332E-10
8
 0.30899120E-01  0.20711577E+01  0.56480776E-04 -0.91637354E+00 -0.82034846E+00 -0.84910879E+00 -0.87363181E+00 -0.84394984E+00  0.87763957E+00  0.88311737E+00
 0.88020293E+00  0.85368400E+00  0.85724329E+00  0.81263115E+00  0.79682933E+00  0.88967465E+00  0.87501662E+00  0.85473615E+00 -0.81580374E+00 -0.78949674E+00
-0.89625148E+00 -0.81545653E+00 -0.81727320E+00 -0.28252186E+00  0.70410248E+00  0.13504760E+01
 0.31152706E-01  0.36821468E+00  0.71263888E-04  0.30400438E-01  0.28855822E-01  0.33133830E-01  0.27585512E-01  0.30824609E-01  0.33465816E-01  0.32609523E-01
 0.34617303E-01  0.27703207E-01  0.28244878E-01  0.35718904E-01  0.38338433E-01  0.39085989E-01  0.44262915E-01  0.39147883E-01  0.36935156E-01  0.44349262E-01
 0.41523717E-01  0.37221106E-01  0.39092633E-01  0.14967864E+00  0.47908418E-01  0.11499887E+00
-0.64569819E+05  0.94045145E+00  0.26000000E+02  0.12919164E+06  0.12936108E+06  0.12927847E+06  0.74772906E+00  0.25165010E-06
9
 0.67870302E-01  0.23398717E+01  0.16264592E-09 -0.88010023E+00 -0.86869767E+00 -0.81648533E+00 -0.85543968E+00 -0.84609484E+00  0.86831610E+00  0.83099829E+00
 0.86102373E+00  0.84913138E+00  0.86895148E+00  0.79498145E+00  0.92593435E+00  0.86513687E+00  0.85452503E+00  0.80797396E+00 -0.82363255E+00 -0.80663304E+00
-0.78361701E+00 -0.88530014E+00 -0.77034950E+00 -0.84770501E-01  0.77530758E+00  0.11507825E+01
 0.31154546E-01  0.33267124E+00  0.18777687E-09  0.28798258E-01  0.30399179E-01  0.30391531E-01  0.35265685E-01  0.34132402E-01  0.27527592E-01  0.34118025E-01
 0.29074086E-01  0.29871252E-01  0.26795773E-01  0.37467584E-01  0.40368283E-01  0.49257600E-01  0.41779800E-01  0.39553478E-01  0.43955035E-01  0.46625261E-01
 0.37076142E-01  0.41450701E-01  0.38797964E-01  0.16167702E+00  0.59536179E-01  0.12815519E+00
-0.64617621E+05  0.96619801E+00  0.26000000E+02  0.12928724E+06  0.12945669E+06  0.12937407E+06  0.75087672E+00  0.50150709E-12
10
 0.85309648E-01  0.20165778E+01  0.28125480E-01 -0.85154745E+00 -0.85175851E+00 -0.85831406E+00 -0.82198657E+00 -0.83746863E+00  0.84997049E+00  0.85970290E+00
 0.85720218E+00  0.90602995E+00  0.83902506E+00  0.82937184E+00  0.91080999E+00  0.88210000E+00  0.79530246E+00  0.83916239E+00 -0.84588543E+00 -0.81905609E+00
-0.85540726E+00 -0.90013509E+00 -0.87470997E+00 -0.40909752E+00  0.85435853E+00  0.10430697E+01
 0.38741603E-01  0.37551524E+00  0.24017791E-01  0.27433018E-01  0.29181083E-01  0.32956287E-01  0.30667547E-01  0.30890017E-01  0.27468844E-01  0.31681381E-01
 0.29393869E-01  0.29930032E-01  0.26294008E-01  0.35881370E-01  0.44714366E-01  0.35505644E-01  0.35880989E-01  0.46443379E-01  0.39145431E-01  0.36611997E-01
 0.45922614E-01  0.39596842E-01  0.36565957E-01  0.14718522E+00  0.62422557E-01  0.12406235E+00
-0.64612135E+05  0.97380984E+00  0.26000000E+02  0.12927627E+06  0.12944572E+06  0.12936310E+06  0.75120810E+00  0.16630021E-01
